201904020958  0[4, 8, 3, 6, 7, 9, 5]  8  -1.120  1/1  0/0  0,4,9,4,5  挂  模拟-投注  
201904020958  1[1, 2, 8, 0, 9, 3, 6]  8  -1.120  1/1  0/0  0,4,9,4,5  挂  模拟-投注  
201904020958  2[2, 3, 0, 6, 7, 9, 1]  8  1.560  0/0  0/0  0,4,9,4,5  中  模拟-投注  
201904020958  3[9, 7, 3, 6, 4, 5, 1]  8  1.560  0/0  0/0  0,4,9,4,5  中  模拟-投注  
201904020958  4[7, 4, 3, 6, 2, 1, 0]  8  -1.120  1/1  0/0  0,4,9,4,5  挂  模拟-投注  

201904020959  0[0, 4, 8, 3, 6, 7, 9]  36  7.020  0/1  0/0  3,4,2,7,8  中  模拟-投注  
201904020959  1[4, 1, 2, 8, 0, 9, 3]  36  7.020  0/1  0/0  3,4,2,7,8  中  模拟-投注  
201904020959  2[9, 2, 3, 0, 6, 7, 1]  8  1.560  0/0  0/0  3,4,2,7,8  中  模拟-投注  
201904020959  3[4, 9, 7, 3, 6, 5, 1]  8  1.560  0/0  0/0  3,4,2,7,8  中  模拟-投注  
201904020959  4[5, 7, 4, 3, 6, 2, 1]  36  -5.040  2/2  0/0  3,4,2,7,8  挂  模拟-投注  

201904020974  0[9, 1, 6, 3, 0, 5, 7]  8  1.560  0/0  0/0  9,2,3,9,9  中  模拟-投注  
201904020974  1[0, 6, 5, 4, 9, 2, 3]  8  1.560  0/0  0/0  9,2,3,9,9  中  模拟-投注  
201904020974  2[2, 8, 3, 0, 6, 1, 9]  8  1.560  0/0  0/0  9,2,3,9,9  中  模拟-投注  
201904020974  3[5, 2, 1, 3, 6, 7, 4]  8  -1.120  1/1  0/0  9,2,3,9,9  挂  模拟-投注  
201904020974  4[2, 9, 5, 1, 0, 4, 8]  8  1.560  0/0  0/0  9,2,3,9,9  中  模拟-投注  

201904020975  0[9, 1, 6, 3, 0, 5, 7]  8  1.560  0/0  0/0  0,8,2,2,9  中  模拟-投注  
201904020975  1[2, 0, 6, 5, 4, 9, 3]  8  -1.120  1/1  0/0  0,8,2,2,9  挂  模拟-投注  
201904020975  2[3, 2, 8, 0, 6, 1, 9]  8  1.560  0/0  0/0  0,8,2,2,9  中  模拟-投注  
201904020975  3[9, 5, 2, 1, 3, 6, 7]  36  7.020  0/1  0/0  0,8,2,2,9  中  模拟-投注  
201904020975  4[9, 2, 5, 1, 0, 4, 8]  8  1.560  0/0  0/0  0,8,2,2,9  中  模拟-投注  

201904020976  0[0, 9, 1, 6, 3, 5, 7]  8  1.560  0/0  0/0  6,8,3,4,0  中  模拟-投注  
201904020976  1[8, 2, 0, 6, 5, 4, 9]  36  7.020  0/1  0/0  6,8,3,4,0  中  模拟-投注  
201904020976  2[2, 3, 8, 0, 6, 1, 9]  8  1.560  0/0  0/0  6,8,3,4,0  中  模拟-投注  
201904020976  3[2, 9, 5, 1, 3, 6, 7]  8  -1.120  1/1  0/0  6,8,3,4,0  挂  模拟-投注  
201904020976  4[9, 2, 5, 1, 0, 4, 8]  8  1.560  0/0  0/0  6,8,3,4,0  中  模拟-投注  

201904020977  0[6, 0, 9, 1, 3, 5, 7]  8  1.560  0/0  0/0  9,0,4,3,7  中  模拟-投注  
201904020977  1[8, 2, 0, 6, 5, 4, 9]  8  1.560  0/1  0/0  9,0,4,3,7  中  模拟-投注  
201904020977  2[3, 2, 8, 0, 6, 1, 9]  8  -1.120  1/1  0/0  9,0,4,3,7  挂  模拟-投注  
201904020977  3[4, 2, 9, 5, 1, 3, 6]  8  1.560  0/1  0/0  9,0,4,3,7  中  真 实-投注  
201904020977  4[0, 9, 2, 5, 1, 4, 8]  8  -1.120  1/1  0/0  9,0,4,3,7  挂  模拟-投注  

201904020978  0[9, 6, 0, 1, 3, 5, 7]  8  1.560  0/0  0/0  0,0,9,1,1  中  模拟-投注  
201904020978  1[0, 8, 2, 6, 5, 4, 9]  8  1.560  0/1  0/0  0,0,9,1,1  中  模拟-投注  
201904020978  2[4, 3, 2, 8, 0, 6, 1]  36  -5.040  2/2  0/0  0,0,9,1,1  挂  模拟-投注  
201904020978  3[3, 4, 2, 9, 5, 1, 6]  8  1.560  0/1  0/0  0,0,9,1,1  中  模拟-投注  
201904020978  4[7, 0, 9, 2, 5, 1, 4]  36  7.020  0/1  0/0  0,0,9,1,1  中  模拟-投注  

201904020979  0[0, 9, 6, 1, 3, 5, 7]  8  -1.120  1/1  0/0  2,7,0,3,8  挂  模拟-投注  
201904020979  1[0, 8, 2, 6, 5, 4, 9]  8  -1.120  1/1  0/0  2,7,0,3,8  挂  模拟-投注  
201904020979  2[9, 4, 3, 2, 8, 0, 6]  135  26.325  0/2  0/0  2,7,0,3,8  中  模拟-投注  
201904020979  3[1, 3, 4, 2, 9, 5, 6]  8  1.560  0/1  0/0  2,7,0,3,8  中  模拟-投注  
201904020979  4[1, 7, 0, 9, 2, 5, 4]  8  -1.120  1/1  0/0  2,7,0,3,8  挂  模拟-投注  

201904020980  0[2, 0, 9, 6, 1, 3, 5]  36  7.020  0/1  0/0  0,9,7,9,6  中  模拟-投注  
201904020980  1[7, 0, 8, 2, 6, 5, 4]  36  -5.040  2/2  0/0  0,9,7,9,6  挂  模拟-投注  
201904020980  2[0, 9, 4, 3, 2, 8, 6]  8  -1.120  1/2  0/0  0,9,7,9,6  挂  模拟-投注  
201904020980  3[3, 1, 4, 2, 9, 5, 6]  8  1.560  0/1  0/0  0,9,7,9,6  中  模拟-投注  
201904020980  4[8, 1, 7, 0, 9, 2, 5]  8  -1.120  2/2  1/1  0,9,7,9,6  挂  真 实-投注  

201904020981  0[0, 2, 9, 6, 1, 3, 5]  8  1.560  0/1  0/0  5,5,6,3,6  中  模拟-投注  
201904020981  1[9, 7, 0, 8, 2, 6, 5]  135  26.325  0/2  0/0  5,5,6,3,6  中  模拟-投注  
201904020981  2[7, 0, 9, 4, 3, 2, 8]  8  -1.120  2/2  1/1  5,5,6,3,6  挂  真 实-投注  
201904020981  3[9, 3, 1, 4, 2, 5, 6]  8  1.560  0/1  0/0  5,5,6,3,6  中  模拟-投注  
201904020981  4[6, 8, 1, 7, 0, 9, 2]  36  7.020  0/2  0/1  5,5,6,3,6  中  真 实-投注  

201904020982  0[5, 0, 2, 9, 6, 1, 3]  8  1.560  0/1  0/0  3,1,6,5,1  中  模拟-投注  
201904020982  1[5, 9, 7, 0, 8, 2, 6]  8  -1.120  1/2  0/0  3,1,6,5,1  挂  模拟-投注  
201904020982  2[6, 7, 0, 9, 4, 3, 2]  36  7.020  0/2  0/1  3,1,6,5,1  中  真 实-投注  
201904020982  3[3, 9, 1, 4, 2, 5, 6]  8  1.560  0/1  0/0  3,1,6,5,1  中  模拟-投注  
201904020982  4[6, 8, 1, 7, 0, 9, 2]  8  1.560  0/2  0/1  3,1,6,5,1  中  模拟-投注  

201904020998  0[5, 4, 0, 6, 3, 9, 7]  8  1.560  0/0  0/0  7,0,6,8,1  中  模拟-投注  
201904020998  1[4, 1, 6, 5, 0, 7, 3]  8  1.560  0/0  0/0  7,0,6,8,1  中  模拟-投注  
201904020998  2[3, 0, 8, 2, 4, 9, 1]  8  -1.120  1/1  0/0  7,0,6,8,1  挂  模拟-投注  
201904020998  3[6, 9, 1, 7, 2, 8, 5]  8  1.560  0/0  0/0  7,0,6,8,1  中  模拟-投注  
201904020998  4[7, 1, 9, 6, 2, 8, 4]  8  1.560  0/0  0/0  7,0,6,8,1  中  模拟-投注  

201904020999  0[7, 5, 4, 0, 6, 3, 9]  8  1.560  0/0  0/0  6,4,3,3,4  中  模拟-投注  
201904020999  1[0, 4, 1, 6, 5, 7, 3]  8  1.560  0/0  0/0  6,4,3,3,4  中  模拟-投注  
201904020999  2[6, 3, 0, 8, 2, 4, 9]  36  7.020  0/1  0/0  6,4,3,3,4  中  模拟-投注  
201904020999  3[8, 6, 9, 1, 7, 2, 5]  8  -1.120  1/1  0/0  6,4,3,3,4  挂  模拟-投注  
201904020999  4[1, 7, 9, 6, 2, 8, 4]  8  1.560  0/0  0/0  6,4,3,3,4  中  模拟-投注  

201904021000  0[6, 7, 5, 4, 0, 3, 9]  8  1.560  0/0  0/0  4,7,0,6,9  中  模拟-投注  
201904021000  1[4, 0, 1, 6, 5, 7, 3]  8  1.560  0/0  0/0  4,7,0,6,9  中  模拟-投注  
201904021000  2[3, 6, 0, 8, 2, 4, 9]  8  1.560  0/1  0/0  4,7,0,6,9  中  模拟-投注  
201904021000  3[3, 8, 6, 9, 1, 7, 2]  36  7.020  0/1  0/0  4,7,0,6,9  中  模拟-投注  
201904021000  4[4, 1, 7, 9, 6, 2, 8]  8  1.560  0/0  0/0  4,7,0,6,9  中  模拟-投注  

201904021001  0[4, 6, 7, 5, 0, 3, 9]  8  1.560  0/0  0/0  0,0,3,9,6  中  模拟-投注  
201904021001  1[7, 4, 0, 1, 6, 5, 3]  8  1.560  0/0  0/0  0,0,3,9,6  中  模拟-投注  
201904021001  2[0, 3, 6, 8, 2, 4, 9]  8  1.560  0/1  0/0  0,0,3,9,6  中  模拟-投注  
201904021001  3[6, 3, 8, 9, 1, 7, 2]  8  1.560  0/1  0/0  0,0,3,9,6  中  模拟-投注  
201904021001  4[9, 4, 1, 7, 6, 2, 8]  8  1.560  0/0  0/0  0,0,3,9,6  中  模拟-投注  

201904021002  0[0, 4, 6, 7, 5, 3, 9]  8  1.560  0/0  0/0  9,6,5,4,1  中  模拟-投注  
201904021002  1[0, 7, 4, 1, 6, 5, 3]  8  1.560  0/0  0/0  9,6,5,4,1  中  模拟-投注  
201904021002  2[3, 0, 6, 8, 2, 4, 9]  8  -1.120  1/1  0/0  9,6,5,4,1  挂  模拟-投注  
201904021002  3[9, 6, 3, 8, 1, 7, 2]  8  -1.120  1/1  0/0  9,6,5,4,1  挂  模拟-投注  
201904021002  4[6, 9, 4, 1, 7, 2, 8]  8  1.560  0/0  0/0  9,6,5,4,1  中  模拟-投注  

201904021003  0[9, 0, 4, 6, 7, 5, 3]  8  1.560  0/0  0/0  0,7,4,2,3  中  模拟-投注  
201904021003  1[6, 0, 7, 4, 1, 5, 3]  8  1.560  0/0  0/0  0,7,4,2,3  中  模拟-投注  
201904021003  2[5, 3, 0, 6, 8, 2, 4]  8  1.560  0/0  0/0  0,7,4,2,3  中  模拟-投注  
201904021003  3[4, 9, 6, 3, 8, 1, 7]  8  -1.120  1/1  0/0  0,7,4,2,3  挂  模拟-投注  
201904021003  4[1, 6, 9, 4, 7, 2, 8]  8  -1.120  1/1  0/0  0,7,4,2,3  挂  模拟-投注  

201904021004  0[0, 9, 4, 6, 7, 5, 3]  8  1.560  0/0  0/0  9,4,6,0,3  中  模拟-投注  
201904021004  1[7, 6, 0, 4, 1, 5, 3]  8  1.560  0/0  0/0  9,4,6,0,3  中  模拟-投注  
201904021004  2[4, 5, 3, 0, 6, 8, 2]  8  1.560  0/0  0/0  9,4,6,0,3  中  模拟-投注  
201904021004  3[2, 4, 9, 6, 3, 8, 1]  36  -5.040  2/2  0/0  9,4,6,0,3  挂  模拟-投注  
201904021004  4[3, 1, 6, 9, 4, 7, 2]  36  7.020  0/1  0/0  9,4,6,0,3  中  模拟-投注  

201904021005  0[9, 0, 4, 6, 7, 5, 3]  8  1.560  0/0  0/0  3,6,8,4,7  中  模拟-投注  
201904021005  1[4, 7, 6, 0, 1, 5, 3]  8  1.560  0/0  0/0  3,6,8,4,7  中  模拟-投注  
201904021005  2[6, 4, 5, 3, 0, 8, 2]  8  1.560  0/0  0/0  3,6,8,4,7  中  模拟-投注  
201904021005  3[0, 2, 4, 9, 6, 3, 8]  8  1.560  0/0  0/0  3,6,8,4,7  中  模拟-投注  
201904021005  4[3, 1, 6, 9, 4, 7, 2]  8  1.560  0/0  0/0  3,6,8,4,7  中  模拟-投注  

201904021006  0[3, 9, 0, 4, 6, 7, 5]  8  1.560  0/0  0/0  5,1,7,0,8  中  模拟-投注  
201904021006  1[6, 4, 7, 0, 1, 5, 3]  8  1.560  0/0  0/0  5,1,7,0,8  中  模拟-投注  
201904021006  2[8, 6, 4, 5, 3, 0, 2]  8  -1.120  1/1  0/0  5,1,7,0,8  挂  模拟-投注  
201904021006  3[4, 0, 2, 9, 6, 3, 8]  8  1.560  0/0  0/0  5,1,7,0,8  中  模拟-投注  
201904021006  4[7, 3, 1, 6, 9, 4, 2]  8  -1.120  1/1  0/0  5,1,7,0,8  挂  模拟-投注  

201904021007  0[5, 3, 9, 0, 4, 6, 7]  8  1.560  0/0  0/0  0,7,6,3,3  中  模拟-投注  
201904021007  1[1, 6, 4, 7, 0, 5, 3]  8  1.560  0/0  0/0  0,7,6,3,3  中  模拟-投注  
201904021007  2[7, 8, 6, 4, 5, 3, 0]  36  7.020  0/1  0/0  0,7,6,3,3  中  模拟-投注  
201904021007  3[0, 4, 2, 9, 6, 3, 8]  8  1.560  0/0  0/0  0,7,6,3,3  中  模拟-投注  
201904021007  4[8, 7, 3, 1, 6, 9, 4]  36  7.020  0/1  0/0  0,7,6,3,3  中  模拟-投注  

201904021008  0[0, 5, 3, 9, 4, 6, 7]  8  -1.120  1/1  0/0  1,5,8,0,4  挂  模拟-投注  
201904021008  1[7, 1, 6, 4, 0, 5]  8  1.560  0/0  0/0  1,5,8,0,4  中  模拟-投注  
201904021008  2[6, 7, 8, 4, 5, 3, 0]  8  1.560  0/1  0/0  1,5,8,0,4  中  模拟-投注  
201904021008  3[3, 0, 4, 2, 9, 6, 8]  8  1.560  0/0  0/0  1,5,8,0,4  中  模拟-投注  
201904021008  4[3, 8, 7, 1, 6, 9, 4]  8  1.560  0/1  0/0  1,5,8,0,4  中  模拟-投注  

201904021009  0[1, 0, 5, 3, 9, 4, 6]  36  7.020  0/1  0/0  4,9,7,3,0  中  模拟-投注  
201904021009  1[5, 7, 1, 6, 4, 0]  8  -.960  1/1  0/0  4,9,7,3,0  挂  模拟-投注  
201904021009  2[8, 6, 7, 4, 5, 3, 0]  8  1.560  0/1  0/0  4,9,7,3,0  中  模拟-投注  
201904021009  3[0, 3, 4, 2, 9, 6, 8]  8  1.560  0/0  0/0  4,9,7,3,0  中  模拟-投注  
201904021009  4[4, 3, 8, 7, 1, 6, 9]  8  -1.120  1/1  0/0  4,9,7,3,0  挂  模拟-投注  

201904021010  0[4, 1, 0, 5, 3, 9, 6]  8  1.560  0/1  0/0  0,6,2,3,2  中  模拟-投注  
201904021010  1[9, 5, 7, 1, 6, 4, 0]  36  7.020  0/1  0/0  0,6,2,3,2  中  模拟-投注  
201904021010  2[7, 8, 6, 4, 5, 3, 0]  8  -1.120  1/1  0/0  0,6,2,3,2  挂  模拟-投注  
201904021010  3[3, 0, 4, 2, 9, 6, 8]  8  1.560  0/0  0/0  0,6,2,3,2  中  模拟-投注  
201904021010  4[0, 4, 3, 8, 7, 1, 6]  36  -5.040  2/2  0/0  0,6,2,3,2  挂  模拟-投注  

201904021011  0[0, 4, 1, 5, 3, 9, 6]  8  1.560  0/1  0/0  9,9,8,9,3  中  模拟-投注  
201904021011  1[6, 9, 5, 7, 1, 4, 0]  8  1.560  0/1  0/0  9,9,8,9,3  中  模拟-投注  
201904021011  2[2, 7, 8, 6, 4, 5, 3]  36  7.020  0/1  0/0  9,9,8,9,3  中  模拟-投注  
201904021011  3[3, 0, 4, 2, 9, 6, 8]  8  1.560  0/0  0/0  9,9,8,9,3  中  模拟-投注  
201904021011  4[2, 0, 4, 3, 8, 7, 1]  135  26.325  0/2  0/0  9,9,8,9,3  中  模拟-投注  

201904021012  0[9, 0, 4, 1, 5, 3, 6]  8  1.560  0/1  0/0  0,7,1,6,1  中  模拟-投注  
201904021012  1[9, 6, 5, 7, 1, 4, 0]  8  1.560  0/1  0/0  0,7,1,6,1  中  模拟-投注  
201904021012  2[8, 2, 7, 6, 4, 5, 3]  8  -1.120  1/1  0/0  0,7,1,6,1  挂  模拟-投注  
201904021012  3[9, 3, 0, 4, 2, 6, 8]  8  1.560  0/0  0/0  0,7,1,6,1  中  模拟-投注  
201904021012  4[3, 2, 0, 4, 8, 7, 1]  8  1.560  0/2  0/0  0,7,1,6,1  中  模拟-投注  

201904021013  0[0, 9, 4, 1, 5, 3, 6]  8  -1.120  1/1  0/0  8,6,3,9,1  挂  模拟-投注  
201904021013  1[7, 9, 6, 5, 1, 4, 0]  8  1.560  0/1  0/0  8,6,3,9,1  中  模拟-投注  
201904021013  2[1, 8, 2, 7, 6, 4, 5]  8  -1.120  2/2  1/1  8,6,3,9,1  挂  真 实-投注  
201904021013  3[6, 9, 3, 0, 4, 2, 8]  8  1.560  0/0  0/0  8,6,3,9,1  中  模拟-投注  
201904021013  4[1, 3, 2, 0, 4, 8, 7]  8  1.560  0/2  0/0  8,6,3,9,1  中  模拟-投注  

201904021014  0[8, 0, 9, 4, 1, 5, 3]  36  7.020  0/1  0/0  5,2,6,3,4  中  模拟-投注  
201904021014  1[6, 7, 9, 5, 1, 4, 0]  8  -1.120  1/1  0/0  5,2,6,3,4  挂  模拟-投注  
201904021014  2[3, 1, 8, 2, 7, 6, 4]  36  7.020  0/2  0/1  5,2,6,3,4  中  真 实-投注  
201904021014  3[9, 6, 3, 0, 4, 2, 8]  8  1.560  0/0  0/0  5,2,6,3,4  中  模拟-投注  
201904021014  4[1, 3, 2, 0, 4, 8, 7]  8  1.560  0/2  0/0  5,2,6,3,4  中  模拟-投注  

201904021015  0[5, 8, 0, 9, 4, 1, 3]  8  1.560  0/1  0/0  3,7,1,7,8  中  模拟-投注  
201904021015  1[2, 6, 7, 9, 5, 1, 4]  36  7.020  0/1  0/0  3,7,1,7,8  中  模拟-投注  
201904021015  2[6, 3, 1, 8, 2, 7, 4]  8  1.560  0/2  0/1  3,7,1,7,8  中  模拟-投注  
201904021015  3[3, 9, 6, 0, 4, 2, 8]  8  -1.120  1/1  0/0  3,7,1,7,8  挂  模拟-投注  
201904021015  4[4, 1, 3, 2, 0, 8, 7]  8  1.560  0/2  0/0  3,7,1,7,8  中  模拟-投注  

201904021016  0[3, 5, 8, 0, 9, 4, 1]  8  1.560  0/1  0/0  0,4,6,8,9  中  模拟-投注  
201904021016  1[7, 2, 6, 9, 5, 1, 4]  8  1.560  0/1  0/0  0,4,6,8,9  中  模拟-投注  
201904021016  2[1, 6, 3, 8, 2, 7, 4]  8  1.560  0/2  0/1  0,4,6,8,9  中  模拟-投注  
201904021016  3[7, 3, 9, 6, 0, 4, 2]  36  -5.040  2/2  0/0  0,4,6,8,9  挂  模拟-投注  
201904021016  4[8, 4, 1, 3, 2, 0, 7]  8  -1.120  1/2  0/0  0,4,6,8,9  挂  模拟-投注  

201904021017  0[0, 3, 5, 8, 9, 4, 1]  8  -1.120  1/1  0/0  7,2,9,2,7  挂  模拟-投注  
201904021017  1[4, 7, 2, 6, 9, 5, 1]  8  1.560  0/1  0/0  7,2,9,2,7  中  模拟-投注  
201904021017  2[6, 1, 3, 8, 2, 7, 4]  8  -1.120  1/2  0/1  7,2,9,2,7  挂  模拟-投注  
201904021017  3[8, 7, 3, 9, 6, 0, 4]  135  -18.900  3/3  0/0  7,2,9,2,7  挂  模拟-投注  
201904021017  4[9, 8, 4, 1, 3, 2, 0]  36  -5.040  2/2  0/0  7,2,9,2,7  挂  模拟-投注  

201904021018  0[7, 0, 3, 5, 8, 9, 4]  36  7.020  0/1  0/0  9,7,2,2,7  中  模拟-投注  
201904021018  1[2, 4, 7, 6, 9, 5, 1]  8  1.560  0/1  0/0  9,7,2,2,7  中  模拟-投注  
201904021018  2[9, 6, 1, 3, 8, 2, 7]  36  7.020  0/2  0/1  9,7,2,2,7  中  模拟-投注  
201904021018  3[2, 8, 7, 3, 9, 6, 0]  486  94.770  0/3  0/0  9,7,2,2,7  中  模拟-投注  
201904021018  4[7, 9, 8, 4, 1, 3, 2]  135  26.325  0/2  0/0  9,7,2,2,7  中  模拟-投注  

201904021019  0[9, 7, 0, 3, 5, 8, 4]  8  -1.120  1/1  0/0  1,7,3,6,0  挂  模拟-投注  
201904021019  1[7, 2, 4, 6, 9, 5, 1]  8  1.560  0/1  0/0  1,7,3,6,0  中  模拟-投注  
201904021019  2[2, 9, 6, 1, 3, 8, 7]  8  1.560  0/2  0/1  1,7,3,6,0  中  模拟-投注  
201904021019  3[2, 8, 7, 3, 9, 6, 0]  8  1.560  0/3  0/0  1,7,3,6,0  中  模拟-投注  
201904021019  4[7, 9, 8, 4, 1, 3, 2]  8  -1.120  1/2  0/0  1,7,3,6,0  挂  模拟-投注  

201904021020  0[1, 9, 7, 0, 3, 5, 8]  8  1.560  0/1  0/0  5,2,9,3,3  中  真 实-投注  
201904021020  1[7, 2, 4, 6, 9, 5, 1]  8  1.560  0/1  0/0  5,2,9,3,3  中  模拟-投注  
201904021020  2[3, 2, 9, 6, 1, 8, 7]  8  1.560  0/2  0/1  5,2,9,3,3  中  模拟-投注  
201904021020  3[6, 2, 8, 7, 3, 9, 0]  8  1.560  0/3  0/0  5,2,9,3,3  中  模拟-投注  
201904021020  4[0, 7, 9, 8, 4, 1, 3]  8  1.560  0/2  0/0  5,2,9,3,3  中  真 实-投注  

201904021021  0[5, 1, 9, 7, 0, 3, 8]  8  -1.120  1/1  0/0  6,3,7,7,7  挂  模拟-投注  
201904021021  1[2, 7, 4, 6, 9, 5, 1]  8  -1.120  1/1  0/0  6,3,7,7,7  挂  模拟-投注  
201904021021  2[9, 3, 2, 6, 1, 8, 7]  8  1.560  0/2  0/1  6,3,7,7,7  中  模拟-投注  
201904021021  3[3, 6, 2, 8, 7, 9, 0]  8  1.560  0/3  0/0  6,3,7,7,7  中  模拟-投注  
201904021021  4[3, 0, 7, 9, 8, 4, 1]  8  1.560  0/2  0/0  6,3,7,7,7  中  模拟-投注  

201904021022  0[6, 5, 1, 9, 7, 0, 3]  8  1.560  0/1  0/0  5,2,7,7,4  中  真 实-投注  
201904021022  1[3, 2, 7, 4, 6, 9, 5]  36  7.020  0/1  0/0  5,2,7,7,4  中  模拟-投注  
201904021022  2[7, 9, 3, 2, 6, 1, 8]  8  1.560  0/2  0/1  5,2,7,7,4  中  模拟-投注  
201904021022  3[7, 3, 6, 2, 8, 9, 0]  8  1.560  0/3  0/0  5,2,7,7,4  中  模拟-投注  
201904021022  4[7, 3, 0, 9, 8, 4, 1]  8  1.560  0/2  0/0  5,2,7,7,4  中  模拟-投注  

201904030559  0[1, 2, 6, 8, 5, 7, 3]  8  1.560  0/0  0/0  6,3,6,5,9  中  模拟-投注  
201904030559  1[5, 6, 8, 4, 0, 9, 3]  8  1.560  0/0  0/0  6,3,6,5,9  中  模拟-投注  
201904030559  2[0, 3, 1, 4, 6, 7, 9]  8  1.560  0/0  0/0  6,3,6,5,9  中  模拟-投注  
201904030559  3[5, 6, 7, 0, 9, 1, 8]  8  1.560  0/0  0/0  6,3,6,5,9  中  模拟-投注  
201904030559  4[8, 5, 9, 7, 0, 4, 2]  8  1.560  0/0  0/0  6,3,6,5,9  中  模拟-投注  

201904030560  0[6, 1, 2, 8, 5, 7, 3]  8  1.560  0/0  0/0  7,0,5,0,3  中  模拟-投注  
201904030560  1[3, 5, 6, 8, 4, 0, 9]  8  1.560  0/0  0/0  7,0,5,0,3  中  模拟-投注  
201904030560  2[6, 0, 3, 1, 4, 7, 9]  8  -1.120  1/1  0/0  7,0,5,0,3  挂  模拟-投注  
201904030560  3[5, 6, 7, 0, 9, 1, 8]  8  1.560  0/0  0/0  7,0,5,0,3  中  模拟-投注  
201904030560  4[9, 8, 5, 7, 0, 4, 2]  8  -1.120  1/1  0/0  7,0,5,0,3  挂  模拟-投注  

201904030561  0[7, 6, 1, 2, 8, 5, 3]  8  1.560  0/0  0/0  2,0,7,7,8  中  模拟-投注  
201904030561  1[0, 3, 5, 6, 8, 4, 9]  8  1.560  0/0  0/0  2,0,7,7,8  中  模拟-投注  
201904030561  2[5, 6, 0, 3, 1, 4, 7]  36  7.020  0/1  0/0  2,0,7,7,8  中  模拟-投注  
201904030561  3[0, 5, 6, 7, 9, 1, 8]  8  1.560  0/0  0/0  2,0,7,7,8  中  模拟-投注  
201904030561  4[3, 9, 8, 5, 7, 0, 4]  36  7.020  0/1  0/0  2,0,7,7,8  中  模拟-投注  

201904030562  0[2, 7, 6, 1, 8, 5, 3]  8  -1.120  1/1  0/0  0,6,4,8,3  挂  模拟-投注  
201904030562  1[0, 3, 5, 6, 8, 4, 9]  8  1.560  0/0  0/0  0,6,4,8,3  中  模拟-投注  
201904030562  2[7, 5, 6, 0, 3, 1, 4]  8  1.560  0/1  0/0  0,6,4,8,3  中  模拟-投注  
201904030562  3[7, 0, 5, 6, 9, 1, 8]  8  1.560  0/0  0/0  0,6,4,8,3  中  模拟-投注  
201904030562  4[8, 3, 9, 5, 7, 0, 4]  8  1.560  0/1  0/0  0,6,4,8,3  中  模拟-投注  

201904030563  0[0, 2, 7, 6, 1, 8, 5]  36  -5.040  2/2  0/0  3,1,3,3,8  挂  模拟-投注  
201904030563  1[6, 0, 3, 5, 8, 4, 9]  8  -1.120  1/1  0/0  3,1,3,3,8  挂  模拟-投注  
201904030563  2[4, 7, 5, 6, 0, 3, 1]  8  1.560  0/1  0/0  3,1,3,3,8  中  模拟-投注  
201904030563  3[8, 7, 0, 5, 6, 9, 1]  8  -1.120  1/1  0/0  3,1,3,3,8  挂  模拟-投注  
201904030563  4[3, 8, 9, 5, 7, 0, 4]  8  1.560  0/1  0/0  3,1,3,3,8  中  模拟-投注  

201904030564  0[3, 0, 2, 7, 6, 1, 8]  135  -18.900  3/3  0/0  9,1,2,3,5  挂  模拟-投注  
201904030564  1[1, 6, 0, 3, 5, 8, 4]  36  7.020  0/1  0/0  9,1,2,3,5  中  模拟-投注  
201904030564  2[3, 4, 7, 5, 6, 0, 1]  8  -1.120  1/1  0/0  9,1,2,3,5  挂  模拟-投注  
201904030564  3[3, 8, 7, 0, 5, 6, 9]  36  7.020  0/1  0/0  9,1,2,3,5  中  模拟-投注  
201904030564  4[8, 3, 9, 5, 7, 0, 4]  8  1.560  0/1  0/0  9,1,2,3,5  中  模拟-投注  

201904030565  0[9, 3, 0, 2, 7, 6, 1]  486  -68.040  4/4  0/0  5,8,0,6,1  挂  模拟-投注  
201904030565  1[1, 6, 0, 3, 5, 8, 4]  8  1.560  0/1  0/0  5,8,0,6,1  中  模拟-投注  
201904030565  2[2, 3, 4, 7, 5, 6, 0]  36  7.020  0/1  0/0  5,8,0,6,1  中  模拟-投注  
201904030565  3[3, 8, 7, 0, 5, 6, 9]  8  1.560  0/1  0/0  5,8,0,6,1  中  模拟-投注  
201904030565  4[5, 8, 3, 9, 7, 0, 4]  8  -1.120  1/1  0/0  5,8,0,6,1  挂  模拟-投注  

201904030566  0[5, 9, 3, 0, 2, 7, 6]  8  1.560  0/4  0/0  9,1,8,1,5  中  模拟-投注  
201904030566  1[8, 1, 6, 0, 3, 5, 4]  8  1.560  0/1  0/0  9,1,8,1,5  中  模拟-投注  
201904030566  2[0, 2, 3, 4, 7, 5, 6]  8  -1.120  1/1  0/0  9,1,8,1,5  挂  模拟-投注  
201904030566  3[6, 3, 8, 7, 0, 5, 9]  8  -1.120  1/1  0/0  9,1,8,1,5  挂  模拟-投注  
201904030566  4[1, 5, 8, 3, 9, 7, 0]  36  7.020  0/1  0/0  9,1,8,1,5  中  模拟-投注  

201904030567  0[9, 5, 3, 0, 2, 7, 6]  8  1.560  0/4  0/0  6,1,6,3,9  中  模拟-投注  
201904030567  1[1, 8, 6, 0, 3, 5, 4]  8  1.560  0/1  0/0  6,1,6,3,9  中  模拟-投注  
201904030567  2[8, 0, 2, 3, 4, 7, 5]  8  -1.120  2/2  1/1  6,1,6,3,9  挂  真 实-投注  
201904030567  3[1, 6, 3, 8, 7, 0, 5]  36  7.020  0/1  0/0  6,1,6,3,9  中  模拟-投注  
201904030567  4[5, 1, 8, 3, 9, 7, 0]  8  1.560  0/1  0/0  6,1,6,3,9  中  模拟-投注  

201904030568  0[6, 9, 5, 3, 0, 2, 7]  8  -1.120  1/4  0/0  1,9,9,1,7  挂  模拟-投注  
201904030568  1[1, 8, 6, 0, 3, 5, 4]  8  -1.120  1/1  0/0  1,9,9,1,7  挂  模拟-投注  
201904030568  2[6, 8, 0, 2, 3, 4, 7]  36  -5.040  3/3  2/2  1,9,9,1,7  挂  真 实-投注  
201904030568  3[3, 1, 6, 8, 7, 0, 5]  8  1.560  0/1  0/0  1,9,9,1,7  中  模拟-投注  
201904030568  4[9, 5, 1, 8, 3, 7, 0]  8  1.560  0/1  0/0  1,9,9,1,7  中  模拟-投注  

201904030569  0[1, 6, 9, 5, 3, 0, 2]  36  7.020  0/4  0/0  9,8,5,1,1  中  模拟-投注  
201904030569  1[9, 1, 8, 6, 0, 3, 5]  36  7.020  0/1  0/0  9,8,5,1,1  中  模拟-投注  
201904030569  2[9, 6, 8, 0, 2, 3, 4]  135  -18.900  4/4  3/3  9,8,5,1,1  挂  真 实-投注  
201904030569  3[1, 3, 6, 8, 7, 0, 5]  8  1.560  0/1  0/0  9,8,5,1,1  中  模拟-投注  
201904030569  4[7, 9, 5, 1, 8, 3, 0]  8  1.560  0/1  0/0  9,8,5,1,1  中  模拟-投注  

201904030570  0[9, 1, 6, 5, 3, 0, 2]  8  1.560  0/4  0/0  6,2,2,6,5  中  模拟-投注  
201904030570  1[8, 9, 1, 6, 0, 3, 5]  8  -1.120  1/1  0/0  6,2,2,6,5  挂  模拟-投注  
201904030570  2[5, 9, 6, 8, 0, 2, 3]  486  94.770  0/4  0/3  6,2,2,6,5  中  真 实-投注  
201904030570  3[1, 3, 6, 8, 7, 0, 5]  8  1.560  0/1  0/0  6,2,2,6,5  中  模拟-投注  
201904030570  4[1, 7, 9, 5, 8, 3, 0]  8  1.560  0/1  0/0  6,2,2,6,5  中  模拟-投注  

201904030571  0[6, 9, 1, 5, 3, 0, 2]  8  1.560  0/4  0/0  0,1,2,9,0  中  模拟-投注  
201904030571  1[2, 8, 9, 1, 6, 0, 3]  8  1.560  0/1  0/0  0,1,2,9,0  中  真 实-投注  
201904030571  2[2, 5, 9, 6, 8, 0, 3]  8  1.560  0/4  0/3  0,1,2,9,0  中  模拟-投注  
201904030571  3[6, 1, 3, 8, 7, 0, 5]  8  -1.120  1/1  0/0  0,1,2,9,0  挂  模拟-投注  
201904030571  4[5, 1, 7, 9, 8, 3]  8  -.960  1/1  0/0  0,1,2,9,0  挂  模拟-投注  

201904030583  0[8, 7, 5, 4, 3, 1, 6]  8  1.560  0/4  0/0  6,2,7,8,5  中  模拟-投注  
201904030583  1[8, 2, 5, 3, 1, 7, 4]  8  1.560  0/1  0/0  6,2,7,8,5  中  模拟-投注  
201904030583  2[7, 4, 0, 5, 1, 2, 9]  8  1.560  0/4  0/3  6,2,7,8,5  中  模拟-投注  
201904030583  3[7, 5, 0, 3, 9, 2, 6]  8  -1.120  1/1  0/0  6,2,7,8,5  挂  模拟-投注  
201904030583  4[5, 2, 4, 9, 6, 3, 0]  8  1.560  0/1  0/0  6,2,7,8,5  中  模拟-投注  

201904030584  0[6, 8, 7, 5, 4, 3, 1]  8  1.560  0/4  0/0  4,8,6,4,7  中  模拟-投注  
201904030584  1[2, 8, 5, 3, 1, 7, 4]  8  1.560  0/1  0/0  4,8,6,4,7  中  模拟-投注  
201904030584  2[7, 4, 0, 5, 1, 2, 9]  8  -1.120  1/4  0/3  4,8,6,4,7  挂  模拟-投注  
201904030584  3[8, 7, 5, 0, 3, 9, 2]  36  -5.040  2/2  0/0  4,8,6,4,7  挂  模拟-投注  
201904030584  4[5, 2, 4, 9, 6, 3, 0]  8  -1.120  1/1  0/0  4,8,6,4,7  挂  模拟-投注  

201904030585  0[4, 6, 8, 7, 5, 3, 1]  8  1.560  0/4  0/0  1,0,9,4,5  中  模拟-投注  
201904030585  1[8, 2, 5, 3, 1, 7, 4]  8  -1.120  1/1  0/0  1,0,9,4,5  挂  模拟-投注  
201904030585  2[6, 7, 4, 0, 5, 1, 2]  36  -5.040  2/4  0/3  1,0,9,4,5  挂  模拟-投注  
201904030585  3[4, 8, 7, 5, 0, 3, 9]  135  26.325  0/2  0/0  1,0,9,4,5  中  模拟-投注  
201904030585  4[7, 5, 2, 4, 9, 6, 3]  8  1.560  0/1  0/0  1,0,9,4,5  中  真 实-投注  

201904030586  0[1, 4, 6, 8, 7, 5, 3]  8  1.560  0/4  0/0  3,3,8,8,7  中  模拟-投注  
201904030586  1[0, 8, 2, 5, 3, 1, 7]  36  7.020  0/1  0/0  3,3,8,8,7  中  模拟-投注  
201904030586  2[9, 6, 7, 4, 0, 5, 1]  135  -18.900  3/4  0/3  3,3,8,8,7  挂  模拟-投注  
201904030586  3[4, 8, 7, 5, 0, 3, 9]  8  1.560  0/2  0/0  3,3,8,8,7  中  模拟-投注  
201904030586  4[5, 7, 2, 4, 9, 6, 3]  8  1.560  0/1  0/0  3,3,8,8,7  中  模拟-投注  

201904030587  0[3, 1, 4, 6, 8, 7, 5]  8  1.560  0/4  0/0  3,3,5,8,9  中  模拟-投注  
201904030587  1[3, 0, 8, 2, 5, 1, 7]  8  1.560  0/1  0/0  3,3,5,8,9  中  模拟-投注  
201904030587  2[8, 9, 6, 7, 4, 0, 5]  486  94.770  0/4  0/3  3,3,5,8,9  中  模拟-投注  
201904030587  3[8, 4, 7, 5, 0, 3, 9]  8  1.560  0/2  0/0  3,3,5,8,9  中  模拟-投注  
201904030587  4[7, 5, 2, 4, 9, 6, 3]  8  1.560  0/1  0/0  3,3,5,8,9  中  模拟-投注  

201904030588  0[3, 1, 4, 6, 8, 7, 5]  8  1.560  0/4  0/0  4,8,5,3,4  中  模拟-投注  
201904030588  1[3, 0, 8, 2, 5, 1, 7]  8  1.560  0/1  0/0  4,8,5,3,4  中  模拟-投注  
201904030588  2[5, 8, 9, 6, 7, 4, 0]  8  1.560  0/4  0/3  4,8,5,3,4  中  模拟-投注  
201904030588  3[8, 4, 7, 5, 0, 3, 9]  8  1.560  0/2  0/0  4,8,5,3,4  中  模拟-投注  
201904030588  4[9, 7, 5, 2, 4, 6, 3]  8  1.560  0/1  0/0  4,8,5,3,4  中  模拟-投注  

201904030589  0[4, 3, 1, 6, 8, 7, 5]  8  1.560  0/4  0/0  4,6,2,5,8  中  模拟-投注  
201904030589  1[8, 3, 0, 2, 5, 1, 7]  8  -1.120  1/1  0/0  4,6,2,5,8  挂  模拟-投注  
201904030589  2[5, 8, 9, 6, 7, 4, 0]  8  -1.120  1/4  0/3  4,6,2,5,8  挂  模拟-投注  
201904030589  3[3, 8, 4, 7, 5, 0, 9]  8  1.560  0/2  0/0  4,6,2,5,8  中  模拟-投注  
201904030589  4[4, 9, 7, 5, 2, 6, 3]  8  -1.120  1/1  0/0  4,6,2,5,8  挂  模拟-投注  

201904030590  0[4, 3, 1, 6, 8, 7, 5]  8  -1.120  1/4  0/0  2,9,8,5,4  挂  模拟-投注  
201904030590  1[6, 8, 3, 0, 2, 5, 1]  36  -5.040  2/2  0/0  2,9,8,5,4  挂  模拟-投注  
201904030590  2[2, 5, 8, 9, 6, 7, 4]  36  7.020  0/4  0/3  2,9,8,5,4  中  模拟-投注  
201904030590  3[5, 3, 8, 4, 7, 0, 9]  8  1.560  0/2  0/0  2,9,8,5,4  中  模拟-投注  
201904030590  4[8, 4, 9, 7, 5, 2, 6]  36  7.020  0/1  0/0  2,9,8,5,4  中  模拟-投注  

201904030591  0[2, 4, 3, 1, 6, 8, 7]  36  7.020  0/4  0/0  6,0,4,0,1  中  模拟-投注  
201904030591  1[9, 6, 8, 3, 0, 2, 5]  135  26.325  0/2  0/0  6,0,4,0,1  中  模拟-投注  
201904030591  2[8, 2, 5, 9, 6, 7, 4]  8  1.560  0/4  0/3  6,0,4,0,1  中  模拟-投注  
201904030591  3[5, 3, 8, 4, 7, 0, 9]  8  1.560  0/2  0/0  6,0,4,0,1  中  模拟-投注  
201904030591  4[4, 8, 9, 7, 5, 2, 6]  8  -1.120  1/1  0/0  6,0,4,0,1  挂  模拟-投注  

201904030592  0[6, 2, 4, 3, 1, 8, 7]  8  1.560  0/4  0/0  4,7,2,0,3  中  模拟-投注  
201904030592  1[0, 9, 6, 8, 3, 2, 5]  8  -1.120  1/2  0/0  4,7,2,0,3  挂  模拟-投注  
201904030592  2[4, 8, 2, 5, 9, 6, 7]  8  1.560  0/4  0/3  4,7,2,0,3  中  模拟-投注  
201904030592  3[0, 5, 3, 8, 4, 7, 9]  8  1.560  0/2  0/0  4,7,2,0,3  中  模拟-投注  
201904030592  4[1, 4, 8, 9, 7, 5, 2]  8  -1.120  2/2  1/1  4,7,2,0,3  挂  真 实-投注  

201904030593  0[4, 6, 2, 3, 1, 8, 7]  8  1.560  0/4  0/0  3,6,2,5,6  中  模拟-投注  
201904030593  1[7, 0, 9, 6, 8, 3, 2]  8  1.560  0/2  0/0  3,6,2,5,6  中  真 实-投注  
201904030593  2[2, 4, 8, 5, 9, 6, 7]  8  1.560  0/4  0/3  3,6,2,5,6  中  模拟-投注  
201904030593  3[0, 5, 3, 8, 4, 7, 9]  8  1.560  0/2  0/0  3,6,2,5,6  中  模拟-投注  
201904030593  4[3, 1, 4, 8, 9, 7, 5]  36  -5.040  3/3  2/2  3,6,2,5,6  挂  真 实-投注  

201904030595  0[9, 3, 4, 6, 2, 1, 8]  8  1.560  0/0  0/0  8,4,0,7,2  中  模拟-投注  
201904030595  1[9, 6, 7, 0, 8, 3, 2]  8  -1.120  1/1  0/0  8,4,0,7,2  挂  模拟-投注  
201904030595  2[5, 2, 4, 8, 9, 6, 7]  8  -1.120  1/1  0/0  8,4,0,7,2  挂  模拟-投注  
201904030595  3[6, 5, 0, 3, 8, 4, 7]  8  1.560  0/0  0/0  8,4,0,7,2  中  模拟-投注  
201904030595  4[5, 6, 3, 1, 4, 8, 9]  8  -1.120  1/1  0/0  8,4,0,7,2  挂  模拟-投注  

201904030596  0[8, 9, 3, 4, 6, 2, 1]  8  1.560  0/0  0/0  9,2,6,9,3  中  模拟-投注  
201904030596  1[4, 9, 6, 7, 0, 8, 3]  36  -5.040  2/2  0/0  9,2,6,9,3  挂  模拟-投注  
201904030596  2[0, 5, 2, 4, 8, 9, 6]  36  7.020  0/1  0/0  9,2,6,9,3  中  模拟-投注  
201904030596  3[7, 6, 5, 0, 3, 8, 4]  8  -1.120  1/1  0/0  9,2,6,9,3  挂  模拟-投注  
201904030596  4[2, 5, 6, 3, 1, 4, 8]  36  7.020  0/1  0/0  9,2,6,9,3  中  模拟-投注  

201904030597  0[9, 8, 3, 4, 6, 2, 1]  8  -1.120  1/1  0/0  0,7,8,4,2  挂  模拟-投注  
201904030597  1[2, 4, 9, 6, 7, 0, 8]  135  26.325  0/2  0/0  0,7,8,4,2  中  模拟-投注  
201904030597  2[6, 0, 5, 2, 4, 8, 9]  8  1.560  0/1  0/0  0,7,8,4,2  中  模拟-投注  
201904030597  3[9, 7, 6, 5, 0, 3, 8]  36  -5.040  2/2  0/0  0,7,8,4,2  挂  模拟-投注  
201904030597  4[3, 2, 5, 6, 1, 4, 8]  8  1.560  0/1  0/0  0,7,8,4,2  中  模拟-投注  

201904030598  0[0, 9, 8, 3, 4, 6, 2]  36  7.020  0/1  0/0  2,9,3,5,5  中  模拟-投注  
201904030598  1[7, 2, 4, 9, 6, 0, 8]  8  1.560  0/2  0/0  2,9,3,5,5  中  模拟-投注  
201904030598  2[8, 6, 0, 5, 2, 4, 9]  8  -1.120  1/1  0/0  2,9,3,5,5  挂  模拟-投注  
201904030598  3[4, 9, 7, 6, 5, 0, 3]  135  26.325  0/2  0/0  2,9,3,5,5  中  模拟-投注  
201904030598  4[2, 3, 5, 6, 1, 4, 8]  8  1.560  0/1  0/0  2,9,3,5,5  中  模拟-投注  

201904030599  0[2, 0, 9, 8, 3, 4, 6]  8  1.560  0/1  0/0  6,7,7,2,5  中  模拟-投注  
201904030599  1[9, 7, 2, 4, 6, 0, 8]  8  1.560  0/2  0/0  6,7,7,2,5  中  模拟-投注  
201904030599  2[3, 8, 6, 0, 5, 2, 4]  36  -5.040  2/2  0/0  6,7,7,2,5  挂  模拟-投注  
201904030599  3[5, 4, 9, 7, 6, 0, 3]  8  -1.120  1/2  0/0  6,7,7,2,5  挂  模拟-投注  
201904030599  4[5, 2, 3, 6, 1, 4, 8]  8  1.560  0/1  0/0  6,7,7,2,5  中  模拟-投注  

201904030600  0[6, 2, 0, 9, 8, 3, 4]  8  1.560  0/1  0/0  9,8,1,7,0  中  模拟-投注  
201904030600  1[7, 9, 2, 4, 6, 0, 8]  8  1.560  0/2  0/0  9,8,1,7,0  中  模拟-投注  
201904030600  2[7, 3, 8, 6, 0, 5, 2]  135  -18.900  3/3  0/0  9,8,1,7,0  挂  模拟-投注  
201904030600  3[2, 5, 4, 9, 7, 6, 0]  8  1.560  0/2  0/0  9,8,1,7,0  中  真 实-投注  
201904030600  4[5, 2, 3, 6, 1, 4, 8]  8  -1.120  1/1  0/0  9,8,1,7,0  挂  模拟-投注  

201904030601  0[9, 6, 2, 0, 8, 3, 4]  8  1.560  0/1  0/0  6,3,2,2,5  中  模拟-投注  
201904030601  1[8, 7, 9, 2, 4, 6, 0]  8  -1.120  1/2  0/0  6,3,2,2,5  挂  模拟-投注  
201904030601  2[1, 7, 3, 8, 6, 0, 5]  486  -68.040  4/4  0/0  6,3,2,2,5  挂  模拟-投注  
201904030601  3[7, 2, 5, 4, 9, 6, 0]  8  1.560  0/2  0/0  6,3,2,2,5  中  模拟-投注  
201904030601  4[0, 5, 2, 3, 6, 1, 4]  36  7.020  0/1  0/0  6,3,2,2,5  中  模拟-投注  

201904030602  0[6, 9, 2, 0, 8, 3, 4]  8  1.560  0/1  0/0  8,3,2,0,6  中  模拟-投注  
201904030602  1[3, 8, 7, 9, 2, 4, 6]  36  7.020  0/2  0/0  8,3,2,0,6  中  模拟-投注  
201904030602  2[2, 1, 7, 3, 8, 6, 0]  8  1.560  0/4  0/0  8,3,2,0,6  中  模拟-投注  
201904030602  3[2, 7, 5, 4, 9, 6, 0]  8  1.560  0/2  0/0  8,3,2,0,6  中  模拟-投注  
201904030602  4[5, 0, 2, 3, 6, 1, 4]  8  1.560  0/1  0/0  8,3,2,0,6  中  模拟-投注  

201904030603  0[8, 6, 9, 2, 0, 3, 4]  8  -1.120  1/1  0/0  5,4,2,5,2  挂  模拟-投注  
201904030603  1[3, 8, 7, 9, 2, 4, 6]  8  1.560  0/2  0/0  5,4,2,5,2  中  模拟-投注  
201904030603  2[2, 1, 7, 3, 8, 6, 0]  8  1.560  0/4  0/0  5,4,2,5,2  中  模拟-投注  
201904030603  3[0, 2, 7, 5, 4, 9, 6]  8  1.560  0/2  0/0  5,4,2,5,2  中  模拟-投注  
201904030603  4[6, 5, 0, 2, 3, 1, 4]  8  1.560  0/1  0/0  5,4,2,5,2  中  模拟-投注  

201904030604  0[5, 8, 6, 9, 2, 0, 3]  36  -5.040  2/2  0/0  4,4,6,7,5  挂  模拟-投注  
201904030604  1[4, 3, 8, 7, 9, 2, 6]  8  1.560  0/2  0/0  4,4,6,7,5  中  模拟-投注  
201904030604  2[2, 1, 7, 3, 8, 6, 0]  8  1.560  0/4  0/0  4,4,6,7,5  中  模拟-投注  
201904030604  3[5, 0, 2, 7, 4, 9, 6]  8  1.560  0/2  0/0  4,4,6,7,5  中  模拟-投注  
201904030604  4[2, 6, 5, 0, 3, 1, 4]  8  1.560  0/1  0/0  4,4,6,7,5  中  模拟-投注  

201904030605  0[4, 5, 8, 6, 9, 2, 0]  135  26.325  0/2  0/0  4,0,6,3,2  中  模拟-投注  
201904030605  1[4, 3, 8, 7, 9, 2, 6]  8  -1.120  1/2  0/0  4,0,6,3,2  挂  模拟-投注  
201904030605  2[6, 2, 1, 7, 3, 8, 0]  8  1.560  0/4  0/0  4,0,6,3,2  中  模拟-投注  
201904030605  3[7, 5, 0, 2, 4, 9, 6]  8  -1.120  1/2  0/0  4,0,6,3,2  挂  模拟-投注  
201904030605  4[5, 2, 6, 0, 3, 1, 4]  8  1.560  0/1  0/0  4,0,6,3,2  中  模拟-投注  

201904030606  0[4, 5, 8, 6, 9, 2, 0]  8  1.560  0/2  0/0  4,7,5,8,9  中  模拟-投注  
201904030606  1[0, 4, 3, 8, 7, 9, 2]  36  7.020  0/2  0/0  4,7,5,8,9  中  模拟-投注  
201904030606  2[6, 2, 1, 7, 3, 8, 0]  8  -1.120  1/4  0/0  4,7,5,8,9  挂  模拟-投注  
201904030606  3[3, 7, 5, 0, 2, 4, 9]  36  -5.040  2/2  0/0  4,7,5,8,9  挂  模拟-投注  
201904030606  4[2, 5, 6, 0, 3, 1, 4]  8  -1.120  1/1  0/0  4,7,5,8,9  挂  模拟-投注  

201904030607  0[4, 5, 8, 6, 9, 2, 0]  8  1.560  0/2  0/0  5,2,4,5,4  中  模拟-投注  
201904030607  1[7, 0, 4, 3, 8, 9, 2]  8  1.560  0/2  0/0  5,2,4,5,4  中  模拟-投注  
201904030607  2[5, 6, 2, 1, 7, 3, 8]  36  -5.040  2/4  0/0  5,2,4,5,4  挂  模拟-投注  
201904030607  3[8, 3, 7, 5, 0, 2, 4]  135  26.325  0/2  0/0  5,2,4,5,4  中  模拟-投注  
201904030607  4[9, 2, 5, 6, 0, 3, 1]  36  -5.040  2/2  0/0  5,2,4,5,4  挂  模拟-投注  

201904030608  0[5, 4, 8, 6, 9, 2, 0]  8  -1.120  1/2  0/0  1,3,6,0,0  挂  模拟-投注  
201904030608  1[2, 7, 0, 4, 3, 8, 9]  8  1.560  0/2  0/0  1,3,6,0,0  中  模拟-投注  
201904030608  2[4, 5, 6, 2, 1, 7, 3]  135  26.325  0/4  0/0  1,3,6,0,0  中  模拟-投注  
201904030608  3[5, 8, 3, 7, 0, 2, 4]  8  1.560  0/2  0/0  1,3,6,0,0  中  模拟-投注  
201904030608  4[4, 9, 2, 5, 6, 0, 3]  135  26.325  0/2  0/0  1,3,6,0,0  中  模拟-投注  

201904030609  0[1, 5, 4, 8, 6, 9, 2]  36  7.020  0/2  0/0  8,5,6,0,9  中  模拟-投注  
201904030609  1[3, 2, 7, 0, 4, 8, 9]  8  -1.120  1/2  0/0  8,5,6,0,9  挂  模拟-投注  
201904030609  2[6, 4, 5, 2, 1, 7, 3]  8  1.560  0/4  0/0  8,5,6,0,9  中  模拟-投注  
201904030609  3[0, 5, 8, 3, 7, 2, 4]  8  1.560  0/2  0/0  8,5,6,0,9  中  模拟-投注  
201904030609  4[0, 4, 9, 2, 5, 6, 3]  8  1.560  0/2  0/0  8,5,6,0,9  中  模拟-投注  

201904030610  0[8, 1, 5, 4, 6, 9, 2]  8  1.560  0/2  0/0  1,8,8,3,2  中  模拟-投注  
201904030610  1[5, 3, 2, 7, 0, 4, 8]  36  7.020  0/2  0/0  1,8,8,3,2  中  模拟-投注  
201904030610  2[6, 4, 5, 2, 1, 7, 3]  8  -1.120  1/4  0/0  1,8,8,3,2  挂  模拟-投注  
201904030610  3[0, 5, 8, 3, 7, 2, 4]  8  1.560  0/2  0/0  1,8,8,3,2  中  模拟-投注  
201904030610  4[9, 0, 4, 2, 5, 6, 3]  8  1.560  0/2  0/0  1,8,8,3,2  中  模拟-投注  

201904030611  0[1, 8, 5, 4, 6, 9, 2]  8  1.560  0/2  0/0  5,7,5,8,4  中  模拟-投注  
201904030611  1[8, 5, 3, 2, 7, 0, 4]  8  1.560  0/2  0/0  5,7,5,8,4  中  模拟-投注  
201904030611  2[8, 6, 4, 5, 2, 1, 7]  36  7.020  0/4  0/0  5,7,5,8,4  中  模拟-投注  
201904030611  3[3, 0, 5, 8, 7, 2, 4]  8  1.560  0/2  0/0  5,7,5,8,4  中  模拟-投注  
201904030611  4[2, 9, 0, 4, 5, 6, 3]  8  1.560  0/2  0/0  5,7,5,8,4  中  模拟-投注  

201904030612  0[5, 1, 8, 4, 6, 9, 2]  8  1.560  0/2  0/0  4,6,1,7,4  中  模拟-投注  
201904030612  1[7, 8, 5, 3, 2, 0, 4]  8  -1.120  1/2  0/0  4,6,1,7,4  挂  模拟-投注  
201904030612  2[5, 8, 6, 4, 2, 1, 7]  8  1.560  0/4  0/0  4,6,1,7,4  中  模拟-投注  
201904030612  3[8, 3, 0, 5, 7, 2, 4]  8  1.560  0/2  0/0  4,6,1,7,4  中  模拟-投注  
201904030612  4[4, 2, 9, 0, 5, 6, 3]  8  1.560  0/2  0/0  4,6,1,7,4  中  模拟-投注  

201904030613  0[4, 5, 1, 8, 6, 9, 2]  8  -1.120  1/2  0/0  3,8,2,2,1  挂  模拟-投注  
201904030613  1[6, 7, 8, 5, 3, 2, 0]  36  7.020  0/2  0/0  3,8,2,2,1  中  模拟-投注  
201904030613  2[1, 5, 8, 6, 4, 2, 7]  8  1.560  0/4  0/0  3,8,2,2,1  中  模拟-投注  
201904030613  3[7, 8, 3, 0, 5, 2, 4]  8  1.560  0/2  0/0  3,8,2,2,1  中  模拟-投注  
201904030613  4[4, 2, 9, 0, 5, 6, 3]  8  -1.120  1/2  0/0  3,8,2,2,1  挂  模拟-投注  

201904030614  0[3, 4, 5, 1, 8, 6, 9]  36  7.020  0/2  0/0  8,9,0,1,0  中  模拟-投注  
201904030614  1[8, 6, 7, 5, 3, 2, 0]  8  -1.120  1/2  0/0  8,9,0,1,0  挂  模拟-投注  
201904030614  2[2, 1, 5, 8, 6, 4, 7]  8  -1.120  1/4  0/0  8,9,0,1,0  挂  模拟-投注  
201904030614  3[2, 7, 8, 3, 0, 5, 4]  8  -1.120  1/2  0/0  8,9,0,1,0  挂  模拟-投注  
201904030614  4[1, 4, 2, 9, 0, 5, 6]  36  7.020  0/2  0/0  8,9,0,1,0  中  模拟-投注  

201904030615  0[8, 3, 4, 5, 1, 6, 9]  8  -1.120  1/2  0/0  2,8,5,0,1  挂  模拟-投注  
201904030615  1[9, 8, 6, 7, 5, 3, 2]  8  1.560  0/2  0/0  2,8,5,0,1  中  真 实-投注  
201904030615  2[0, 2, 1, 5, 8, 6, 4]  36  7.020  0/4  0/0  2,8,5,0,1  中  模拟-投注  
201904030615  3[1, 2, 7, 8, 3, 0, 5]  36  7.020  0/2  0/0  2,8,5,0,1  中  模拟-投注  
201904030615  4[0, 1, 4, 2, 9, 5, 6]  8  1.560  0/2  0/0  2,8,5,0,1  中  模拟-投注  

201904030616  0[2, 8, 3, 4, 5, 1, 6]  8  1.560  0/2  0/0  5,9,7,3,8  中  真 实-投注  
201904030616  1[8, 9, 6, 7, 5, 3, 2]  8  1.560  0/2  0/0  5,9,7,3,8  中  模拟-投注  
201904030616  2[5, 0, 2, 1, 8, 6, 4]  8  -1.120  1/4  0/0  5,9,7,3,8  挂  模拟-投注  
201904030616  3[0, 1, 2, 7, 8, 3, 5]  8  1.560  0/2  0/0  5,9,7,3,8  中  模拟-投注  
201904030616  4[1, 0, 4, 2, 9, 5, 6]  8  -1.120  1/2  0/0  5,9,7,3,8  挂  模拟-投注  

201904030617  0[5, 2, 8, 3, 4, 1, 6]  8  1.560  0/2  0/0  4,9,1,4,4  中  模拟-投注  
201904030617  1[9, 8, 6, 7, 5, 3, 2]  8  1.560  0/2  0/0  4,9,1,4,4  中  模拟-投注  
201904030617  2[7, 5, 0, 2, 1, 8, 6]  8  1.560  0/4  0/0  4,9,1,4,4  中  真 实-投注  
201904030617  3[3, 0, 1, 2, 7, 8, 5]  8  -1.120  1/2  0/0  4,9,1,4,4  挂  模拟-投注  
201904030617  4[8, 1, 0, 4, 2, 9, 5]  36  7.020  0/2  0/0  4,9,1,4,4  中  模拟-投注  

201904030618  0[4, 5, 2, 8, 3, 1, 6]  8  1.560  0/2  0/0  1,0,2,3,2  中  模拟-投注  
201904030618  1[9, 8, 6, 7, 5, 3, 2]  8  -1.120  1/2  0/0  1,0,2,3,2  挂  模拟-投注  
201904030618  2[1, 7, 5, 0, 2, 8, 6]  8  1.560  0/4  0/0  1,0,2,3,2  中  模拟-投注  
201904030618  3[4, 3, 0, 1, 2, 7, 8]  36  7.020  0/2  0/0  1,0,2,3,2  中  模拟-投注  
201904030618  4[4, 8, 1, 0, 2, 9, 5]  8  1.560  0/2  0/0  1,0,2,3,2  中  模拟-投注  

201904030619  0[1, 4, 5, 2, 8, 3, 6]  8  1.560  0/2  0/0  3,7,6,5,2  中  模拟-投注  
201904030619  1[0, 9, 8, 6, 7, 5, 3]  36  7.020  0/2  0/0  3,7,6,5,2  中  模拟-投注  
201904030619  2[2, 1, 7, 5, 0, 8, 6]  8  1.560  0/4  0/0  3,7,6,5,2  中  模拟-投注  
201904030619  3[3, 4, 0, 1, 2, 7, 8]  8  -1.120  1/2  0/0  3,7,6,5,2  挂  模拟-投注  
201904030619  4[2, 4, 8, 1, 0, 9, 5]  8  1.560  0/2  0/0  3,7,6,5,2  中  模拟-投注  

201904030620  0[3, 1, 4, 5, 2, 8, 6]  8  -1.120  1/2  0/0  9,1,7,8,0  挂  模拟-投注  
201904030620  1[7, 0, 9, 8, 6, 5, 3]  8  -1.120  1/2  0/0  9,1,7,8,0  挂  模拟-投注  
201904030620  2[6, 2, 1, 7, 5, 0, 8]  8  1.560  0/4  0/0  9,1,7,8,0  中  模拟-投注  
201904030620  3[5, 3, 4, 0, 1, 2, 7]  8  -1.120  2/2  1/1  9,1,7,8,0  挂  真 实-投注  
201904030620  4[2, 4, 8, 1, 0, 9, 5]  8  1.560  0/2  0/0  9,1,7,8,0  中  模拟-投注  

201904030621  0[9, 3, 1, 4, 5, 2, 8]  36  7.020  0/2  0/0  4,9,6,1,9  中  模拟-投注  
201904030621  1[1, 7, 0, 9, 8, 6, 5]  8  1.560  0/2  0/0  4,9,6,1,9  中  真 实-投注  
201904030621  2[7, 6, 2, 1, 5, 0, 8]  8  1.560  0/4  0/0  4,9,6,1,9  中  模拟-投注  
201904030621  3[8, 5, 3, 4, 0, 1, 2]  36  7.020  0/2  0/1  4,9,6,1,9  中  真 实-投注  
201904030621  4[0, 2, 4, 8, 1, 9, 5]  8  1.560  0/2  0/0  4,9,6,1,9  中  模拟-投注  

201904030622  0[4, 9, 3, 1, 5, 2, 8]  8  -1.120  1/2  0/0  6,2,5,2,7  挂  模拟-投注  
201904030622  1[9, 1, 7, 0, 8, 6, 5]  8  -1.120  1/2  0/0  6,2,5,2,7  挂  模拟-投注  
201904030622  2[6, 7, 2, 1, 5, 0, 8]  8  1.560  0/4  0/0  6,2,5,2,7  中  模拟-投注  
201904030622  3[1, 8, 5, 3, 4, 0, 2]  8  1.560  0/2  0/1  6,2,5,2,7  中  模拟-投注  
201904030622  4[9, 0, 2, 4, 8, 1, 5]  8  -1.120  1/2  0/0  6,2,5,2,7  挂  模拟-投注  

201904030623  0[6, 4, 9, 3, 1, 5, 2]  8  -1.120  2/2  1/1  7,9,9,2,9  挂  真 实-投注  
201904030623  1[2, 9, 1, 7, 0, 8, 6]  8  1.560  0/2  0/0  7,9,9,2,9  中  真 实-投注  
201904030623  2[5, 6, 7, 2, 1, 0, 8]  8  -1.120  1/4  0/0  7,9,9,2,9  挂  模拟-投注  
201904030623  3[2, 1, 8, 5, 3, 4, 0]  8  1.560  0/2  0/1  7,9,9,2,9  中  模拟-投注  
201904030623  4[7, 9, 0, 2, 4, 8, 1]  36  7.020  0/2  0/0  7,9,9,2,9  中  模拟-投注  

201904030624  0[7, 6, 4, 9, 3, 1, 5]  36  -5.040  3/3  2/2  8,3,6,3,7  挂  真 实-投注  
201904030624  1[9, 2, 1, 7, 0, 8, 6]  8  -1.120  1/2  0/0  8,3,6,3,7  挂  模拟-投注  
201904030624  2[9, 5, 6, 7, 2, 1, 0]  36  7.020  0/4  0/0  8,3,6,3,7  中  模拟-投注  
201904030624  3[2, 1, 8, 5, 3, 4, 0]  8  1.560  0/2  0/1  8,3,6,3,7  中  模拟-投注  
201904030624  4[9, 7, 0, 2, 4, 8, 1]  8  1.560  0/2  0/0  8,3,6,3,7  中  模拟-投注  

201904030625  0[8, 7, 6, 4, 9, 3, 1]  135  -18.900  4/4  3/3  5,3,6,5,0  挂  真 实-投注  
201904030625  1[3, 9, 2, 1, 7, 0, 8]  8  1.560  0/2  0/0  5,3,6,5,0  中  真 实-投注  
201904030625  2[6, 9, 5, 7, 2, 1, 0]  8  1.560  0/4  0/0  5,3,6,5,0  中  模拟-投注  
201904030625  3[3, 2, 1, 8, 5, 4, 0]  8  1.560  0/2  0/1  5,3,6,5,0  中  模拟-投注  
201904030625  4[7, 9, 0, 2, 4, 8, 1]  8  1.560  0/2  0/0  5,3,6,5,0  中  模拟-投注  

201904030626  0[5, 8, 7, 6, 4, 9, 3]  486  94.770  0/4  0/3  9,0,6,0,2  中  真 实-投注  
201904030626  1[3, 9, 2, 1, 7, 0, 8]  8  1.560  0/2  0/0  9,0,6,0,2  中  模拟-投注  
201904030626  2[6, 9, 5, 7, 2, 1, 0]  8  1.560  0/4  0/0  9,0,6,0,2  中  模拟-投注  
201904030626  3[5, 3, 2, 1, 8, 4, 0]  8  1.560  0/2  0/1  9,0,6,0,2  中  模拟-投注  
201904030626  4[0, 7, 9, 2, 4, 8, 1]  8  1.560  0/2  0/0  9,0,6,0,2  中  模拟-投注  

201904030627  0[9, 5, 8, 7, 6, 4, 3]  8  1.560  0/4  0/3  4,0,7,7,2  中  模拟-投注  
201904030627  1[0, 3, 9, 2, 1, 7, 8]  8  1.560  0/2  0/0  4,0,7,7,2  中  模拟-投注  
201904030627  2[6, 9, 5, 7, 2, 1, 0]  8  1.560  0/4  0/0  4,0,7,7,2  中  模拟-投注  
201904030627  3[0, 5, 3, 2, 1, 8, 4]  8  -1.120  1/2  0/1  4,0,7,7,2  挂  模拟-投注  
201904030627  4[2, 0, 7, 9, 4, 8, 1]  8  1.560  0/2  0/0  4,0,7,7,2  中  模拟-投注  

201904030628  0[4, 9, 5, 8, 7, 6, 3]  8  -1.120  1/4  0/3  0,5,9,6,7  挂  模拟-投注  
201904030628  1[0, 3, 9, 2, 1, 7, 8]  8  -1.120  1/2  0/0  0,5,9,6,7  挂  模拟-投注  
201904030628  2[7, 6, 9, 5, 2, 1, 0]  8  1.560  0/4  0/0  0,5,9,6,7  中  模拟-投注  
201904030628  3[7, 0, 5, 3, 2, 1, 8]  36  -5.040  2/2  0/1  0,5,9,6,7  挂  模拟-投注  
201904030628  4[2, 0, 7, 9, 4, 8, 1]  8  1.560  0/2  0/0  0,5,9,6,7  中  模拟-投注  

201904030629  0[0, 4, 9, 5, 8, 7, 6]  36  7.020  0/4  0/3  7,2,2,0,4  中  模拟-投注  
201904030629  1[5, 0, 3, 9, 2, 1, 7]  36  7.020  0/2  0/0  7,2,2,0,4  中  模拟-投注  
201904030629  2[9, 7, 6, 5, 2, 1, 0]  8  1.560  0/4  0/0  7,2,2,0,4  中  模拟-投注  
201904030629  3[6, 7, 0, 5, 3, 2, 1]  135  26.325  0/2  0/1  7,2,2,0,4  中  模拟-投注  
201904030629  4[7, 2, 0, 9, 4, 8, 1]  8  1.560  0/2  0/0  7,2,2,0,4  中  模拟-投注  

201904030630  0[7, 0, 4, 9, 5, 8, 6]  8  1.560  0/4  0/3  6,0,8,4,8  中  模拟-投注  
201904030630  1[2, 5, 0, 3, 9, 1, 7]  8  1.560  0/2  0/0  6,0,8,4,8  中  模拟-投注  
201904030630  2[2, 9, 7, 6, 5, 1, 0]  8  -1.120  1/4  0/0  6,0,8,4,8  挂  模拟-投注  
201904030630  3[0, 6, 7, 5, 3, 2, 1]  8  -1.120  1/2  0/1  6,0,8,4,8  挂  模拟-投注  
201904030630  4[4, 7, 2, 0, 9, 8, 1]  8  1.560  0/2  0/0  6,0,8,4,8  中  模拟-投注  

201904030631  0[6, 7, 0, 4, 9, 5, 8]  8  1.560  0/4  0/3  7,3,7,7,7  中  模拟-投注  
201904030631  1[0, 2, 5, 3, 9, 1, 7]  8  1.560  0/2  0/0  7,3,7,7,7  中  模拟-投注  
201904030631  2[8, 2, 9, 7, 6, 5, 1]  36  7.020  0/4  0/0  7,3,7,7,7  中  模拟-投注  
201904030631  3[4, 0, 6, 7, 5, 3, 2]  8  1.560  0/2  0/1  7,3,7,7,7  中  真 实-投注  
201904030631  4[8, 4, 7, 2, 0, 9, 1]  8  1.560  0/2  0/0  7,3,7,7,7  中  模拟-投注  

201904030632  0[7, 6, 0, 4, 9, 5, 8]  8  1.560  0/4  0/3  7,9,7,7,8  中  模拟-投注  
201904030632  1[3, 0, 2, 5, 9, 1, 7]  8  1.560  0/2  0/0  7,9,7,7,8  中  模拟-投注  
201904030632  2[7, 8, 2, 9, 6, 5, 1]  8  1.560  0/4  0/0  7,9,7,7,8  中  模拟-投注  
201904030632  3[7, 4, 0, 6, 5, 3, 2]  8  1.560  0/2  0/1  7,9,7,7,8  中  模拟-投注  
201904030632  4[7, 8, 4, 2, 0, 9, 1]  8  1.560  0/2  0/0  7,9,7,7,8  中  模拟-投注  

201904030633  0[7, 6, 0, 4, 9, 5, 8]  8  1.560  0/4  0/3  5,8,0,4,2  中  模拟-投注  
201904030633  1[9, 3, 0, 2, 5, 1, 7]  8  -1.120  1/2  0/0  5,8,0,4,2  挂  模拟-投注  
201904030633  2[7, 8, 2, 9, 6, 5, 1]  8  -1.120  1/4  0/0  5,8,0,4,2  挂  模拟-投注  
201904030633  3[7, 4, 0, 6, 5, 3, 2]  8  1.560  0/2  0/1  5,8,0,4,2  中  模拟-投注  
201904030633  4[8, 7, 4, 2, 0, 9, 1]  8  1.560  0/2  0/0  5,8,0,4,2  中  模拟-投注  

201904030634  0[5, 7, 6, 0, 4, 9, 8]  8  1.560  0/4  0/3  4,2,1,6,8  中  模拟-投注  
201904030634  1[8, 9, 3, 0, 2, 5, 1]  36  7.020  0/2  0/0  4,2,1,6,8  中  模拟-投注  
201904030634  2[0, 7, 8, 2, 9, 6, 5]  36  -5.040  2/4  0/0  4,2,1,6,8  挂  模拟-投注  
201904030634  3[4, 7, 0, 6, 5, 3, 2]  8  1.560  0/2  0/1  4,2,1,6,8  中  模拟-投注  
201904030634  4[2, 8, 7, 4, 0, 9, 1]  8  1.560  0/2  0/0  4,2,1,6,8  中  模拟-投注  

201904030635  0[4, 5, 7, 6, 0, 9, 8]  8  1.560  0/4  0/3  0,6,2,7,4  中  模拟-投注  
201904030635  1[2, 8, 9, 3, 0, 5, 1]  8  -1.120  1/2  0/0  0,6,2,7,4  挂  模拟-投注  
201904030635  2[1, 0, 7, 8, 2, 9, 6]  135  26.325  0/4  0/0  0,6,2,7,4  中  模拟-投注  
201904030635  3[6, 4, 7, 0, 5, 3, 2]  8  1.560  0/2  0/1  0,6,2,7,4  中  模拟-投注  
201904030635  4[8, 2, 7, 4, 0, 9, 1]  8  1.560  0/2  0/0  0,6,2,7,4  中  模拟-投注  

201904030636  0[0, 4, 5, 7, 6, 9, 8]  8  1.560  0/4  0/3  6,9,9,9,3  中  模拟-投注  
201904030636  1[6, 2, 8, 9, 3, 0, 5]  8  1.560  0/2  0/0  6,9,9,9,3  中  真 实-投注  
201904030636  2[2, 1, 0, 7, 8, 9, 6]  8  1.560  0/4  0/0  6,9,9,9,3  中  模拟-投注  
201904030636  3[7, 6, 4, 0, 5, 3, 2]  8  -1.120  1/2  0/1  6,9,9,9,3  挂  模拟-投注  
201904030636  4[4, 8, 2, 7, 0, 9]  8  -.960  1/2  0/0  6,9,9,9,3  挂  模拟-投注  

201904030637  0[6, 0, 4, 5, 7, 9, 8]  8  1.560  0/4  0/3  6,2,9,2,1  中  模拟-投注  
201904030637  1[9, 6, 2, 8, 3, 0, 5]  8  1.560  0/2  0/0  6,2,9,2,1  中  模拟-投注  
201904030637  2[9, 2, 1, 0, 7, 8, 6]  8  1.560  0/4  0/0  6,2,9,2,1  中  模拟-投注  
201904030637  3[9, 7, 6, 4, 0, 5, 3]  36  -5.040  2/2  0/1  6,2,9,2,1  挂  模拟-投注  
201904030637  4[3, 4, 8, 2, 7, 0, 9]  36  -5.040  2/2  0/0  6,2,9,2,1  挂  模拟-投注  

201904030638  0[6, 0, 4, 5, 7, 9, 8]  8  1.560  0/4  0/3  5,6,4,3,9  中  模拟-投注  
201904030638  1[2, 9, 6, 8, 3, 0, 5]  8  1.560  0/2  0/0  5,6,4,3,9  中  模拟-投注  
201904030638  2[9, 2, 1, 0, 7, 8, 6]  8  -1.120  1/4  0/0  5,6,4,3,9  挂  模拟-投注  
201904030638  3[2, 9, 7, 6, 4, 0, 5]  135  -18.900  3/3  0/1  5,6,4,3,9  挂  模拟-投注  
201904030638  4[1, 3, 4, 8, 2, 7, 0]  135  -18.900  3/3  0/0  5,6,4,3,9  挂  模拟-投注  

201904030639  0[5, 6, 0, 4, 7, 9, 8]  8  -1.120  1/4  0/3  1,4,2,8,6  挂  模拟-投注  
201904030639  1[6, 2, 9, 8, 3, 0, 5]  8  -1.120  1/2  0/0  1,4,2,8,6  挂  模拟-投注  
201904030639  2[4, 9, 2, 1, 0, 7, 8]  36  7.020  0/4  0/0  1,4,2,8,6  中  模拟-投注  
201904030639  3[3, 2, 9, 7, 6, 4, 0]  486  -68.040  4/4  0/1  1,4,2,8,6  挂  模拟-投注  
201904030639  4[9, 1, 3, 4, 8, 2, 7]  486  -68.040  4/4  0/0  1,4,2,8,6  挂  模拟-投注  

201904030640  0[1, 5, 6, 0, 4, 7, 9]  36  -5.040  2/4  0/3  8,3,4,8,7  挂  模拟-投注  
201904030640  1[4, 6, 2, 9, 8, 3, 0]  36  7.020  0/2  0/0  8,3,4,8,7  中  模拟-投注  
201904030640  2[2, 4, 9, 1, 0, 7, 8]  8  1.560  0/4  0/0  8,3,4,8,7  中  模拟-投注  
201904030640  3[8, 3, 2, 9, 7, 6, 4]  8  1.560  0/4  0/1  8,3,4,8,7  中  模拟-投注  
201904030640  4[6, 9, 1, 3, 4, 8, 2]  8  -1.120  5/5  0/0  8,3,4,8,7  挂  模拟-投注  

201904030641  0[8, 1, 5, 6, 0, 4, 7]  135  -18.900  3/4  0/3  2,9,9,7,4  挂  模拟-投注  
201904030641  1[3, 4, 6, 2, 9, 8, 0]  8  1.560  0/2  0/0  2,9,9,7,4  中  模拟-投注  
201904030641  2[4, 2, 9, 1, 0, 7, 8]  8  1.560  0/4  0/0  2,9,9,7,4  中  模拟-投注  
201904030641  3[8, 3, 2, 9, 7, 6, 4]  8  1.560  0/4  0/1  2,9,9,7,4  中  模拟-投注  
201904030641  4[7, 6, 9, 1, 3, 4, 8]  36  7.020  0/5  0/0  2,9,9,7,4  中  模拟-投注  

201904030642  0[2, 8, 1, 5, 6, 0, 4]  486  94.770  0/4  0/3  4,5,6,6,6  中  模拟-投注  
201904030642  1[9, 3, 4, 6, 2, 8, 0]  8  -1.120  1/2  0/0  4,5,6,6,6  挂  模拟-投注  
201904030642  2[9, 4, 2, 1, 0, 7, 8]  8  -1.120  1/4  0/0  4,5,6,6,6  挂  模拟-投注  
201904030642  3[7, 8, 3, 2, 9, 6, 4]  8  1.560  0/4  0/1  4,5,6,6,6  中  模拟-投注  
201904030642  4[4, 7, 6, 9, 1, 3, 8]  8  1.560  0/5  0/0  4,5,6,6,6  中  模拟-投注  

201904030643  0[4, 2, 8, 1, 5, 6, 0]  8  1.560  0/4  0/3  2,4,5,0,1  中  模拟-投注  
201904030643  1[5, 9, 3, 4, 6, 2, 8]  36  7.020  0/2  0/0  2,4,5,0,1  中  模拟-投注  
201904030643  2[6, 9, 4, 2, 1, 0, 7]  36  -5.040  2/4  0/0  2,4,5,0,1  挂  模拟-投注  
201904030643  3[6, 7, 8, 3, 2, 9, 4]  8  -1.120  1/4  0/1  2,4,5,0,1  挂  模拟-投注  
201904030643  4[6, 4, 7, 9, 1, 3, 8]  8  1.560  0/5  0/0  2,4,5,0,1  中  模拟-投注  

201904030644  0[2, 4, 8, 1, 5, 6, 0]  8  1.560  0/4  0/3  6,5,0,2,4  中  模拟-投注  
201904030644  1[4, 5, 9, 3, 6, 2, 8]  8  1.560  0/2  0/0  6,5,0,2,4  中  模拟-投注  
201904030644  2[5, 6, 9, 4, 2, 1, 0]  135  26.325  0/4  0/0  6,5,0,2,4  中  模拟-投注  
201904030644  3[0, 6, 7, 8, 3, 2, 9]  36  7.020  0/4  0/1  6,5,0,2,4  中  模拟-投注  
201904030644  4[1, 6, 4, 7, 9, 3, 8]  8  1.560  0/5  0/0  6,5,0,2,4  中  模拟-投注  

201904030645  0[6, 2, 4, 8, 1, 5, 0]  8  1.560  0/4  0/3  4,5,4,8,8  中  模拟-投注  
201904030645  1[5, 4, 9, 3, 6, 2, 8]  8  1.560  0/2  0/0  4,5,4,8,8  中  模拟-投注  
201904030645  2[0, 5, 6, 9, 4, 2, 1]  8  1.560  0/4  0/0  4,5,4,8,8  中  模拟-投注  
201904030645  3[2, 0, 6, 7, 8, 3, 9]  8  1.560  0/4  0/1  4,5,4,8,8  中  模拟-投注  
201904030645  4[4, 1, 6, 7, 9, 3, 8]  8  1.560  0/5  0/0  4,5,4,8,8  中  模拟-投注  

201904030646  0[4, 6, 2, 8, 1, 5, 0]  8  1.560  0/4  0/3  5,0,6,0,1  中  模拟-投注  
201904030646  1[5, 4, 9, 3, 6, 2, 8]  8  -1.120  1/2  0/0  5,0,6,0,1  挂  模拟-投注  
201904030646  2[4, 0, 5, 6, 9, 2, 1]  8  1.560  0/4  0/0  5,0,6,0,1  中  模拟-投注  
201904030646  3[8, 2, 0, 6, 7, 3, 9]  8  1.560  0/4  0/1  5,0,6,0,1  中  模拟-投注  
201904030646  4[8, 4, 1, 6, 7, 9, 3]  8  1.560  0/5  0/0  5,0,6,0,1  中  模拟-投注  

201904030647  0[5, 4, 6, 2, 8, 1, 0]  8  -1.120  1/4  0/3  3,9,1,2,7  挂  模拟-投注  
201904030647  1[0, 5, 4, 9, 3, 6, 2]  36  7.020  0/2  0/0  3,9,1,2,7  中  模拟-投注  
201904030647  2[6, 4, 0, 5, 9, 2, 1]  8  1.560  0/4  0/0  3,9,1,2,7  中  模拟-投注  
201904030647  3[0, 8, 2, 6, 7, 3, 9]  8  1.560  0/4  0/1  3,9,1,2,7  中  模拟-投注  
201904030647  4[1, 8, 4, 6, 7, 9, 3]  8  1.560  0/5  0/0  3,9,1,2,7  中  模拟-投注  

201904030648  0[3, 5, 4, 6, 2, 8, 1]  36  7.020  0/4  0/3  4,8,5,9,1  中  模拟-投注  
201904030648  1[9, 0, 5, 4, 3, 6, 2]  8  -1.120  1/2  0/0  4,8,5,9,1  挂  模拟-投注  
201904030648  2[1, 6, 4, 0, 5, 9, 2]  8  1.560  0/4  0/0  4,8,5,9,1  中  模拟-投注  
201904030648  3[2, 0, 8, 6, 7, 3, 9]  8  1.560  0/4  0/1  4,8,5,9,1  中  模拟-投注  
201904030648  4[7, 1, 8, 4, 6, 9, 3]  8  1.560  0/5  0/0  4,8,5,9,1  中  模拟-投注  

201904030649  0[4, 3, 5, 6, 2, 8, 1]  8  1.560  0/4  0/3  5,3,5,6,3  中  模拟-投注  
201904030649  1[8, 9, 0, 5, 4, 3, 6]  8  1.560  0/2  0/0  5,3,5,6,3  中  真 实-投注  
201904030649  2[5, 1, 6, 4, 0, 9, 2]  8  1.560  0/4  0/0  5,3,5,6,3  中  模拟-投注  
201904030649  3[9, 2, 0, 8, 6, 7, 3]  8  1.560  0/4  0/1  5,3,5,6,3  中  模拟-投注  
201904030649  4[1, 7, 8, 4, 6, 9, 3]  8  1.560  0/5  0/0  5,3,5,6,3  中  模拟-投注  

201904040550  0[7, 3, 6, 8, 4, 2, 9]  8  1.560  0/0  0/0  7,7,4,6,1  中  模拟-投注  
201904040550  1[9, 3, 2, 7, 4, 5, 0]  8  1.560  0/0  0/0  7,7,4,6,1  中  模拟-投注  
201904040550  2[0, 3, 5, 8, 1, 9, 2]  8  -1.120  1/1  0/0  7,7,4,6,1  挂  模拟-投注  
201904040550  3[7, 0, 1, 8, 9, 5, 2]  8  -1.120  1/1  0/0  7,7,4,6,1  挂  模拟-投注  
201904040550  4[0, 1, 7, 3, 4, 6, 2]  8  1.560  0/0  0/0  7,7,4,6,1  中  模拟-投注  

201904040551  0[7, 3, 6, 8, 4, 2, 9]  8  1.560  0/0  0/0  3,7,7,3,9  中  模拟-投注  
201904040551  1[7, 9, 3, 2, 4, 5, 0]  8  1.560  0/0  0/0  3,7,7,3,9  中  模拟-投注  
201904040551  2[4, 0, 3, 5, 8, 1, 9]  36  -5.040  2/2  0/0  3,7,7,3,9  挂  模拟-投注  
201904040551  3[6, 7, 0, 1, 8, 9, 5]  36  -5.040  2/2  0/0  3,7,7,3,9  挂  模拟-投注  
201904040551  4[1, 0, 7, 3, 4, 6, 2]  8  -1.120  1/1  0/0  3,7,7,3,9  挂  模拟-投注  

201904040552  0[3, 7, 6, 8, 4, 2, 9]  8  1.560  0/0  0/0  4,0,5,8,6  中  模拟-投注  
201904040552  1[7, 9, 3, 2, 4, 5, 0]  8  1.560  0/0  0/0  4,0,5,8,6  中  模拟-投注  
201904040552  2[7, 4, 0, 3, 5, 8, 1]  135  26.325  0/2  0/0  4,0,5,8,6  中  模拟-投注  
201904040552  3[3, 6, 7, 0, 1, 8, 9]  135  26.325  0/2  0/0  4,0,5,8,6  中  模拟-投注  
201904040552  4[9, 1, 0, 7, 3, 4, 6]  36  7.020  0/1  0/0  4,0,5,8,6  中  模拟-投注  

201904040553  0[4, 3, 7, 6, 8, 2, 9]  8  1.560  0/0  0/0  6,1,7,3,4  中  模拟-投注  
201904040553  1[0, 7, 9, 3, 2, 4, 5]  8  -1.120  1/1  0/0  6,1,7,3,4  挂  模拟-投注  
201904040553  2[5, 7, 4, 0, 3, 8, 1]  8  1.560  0/2  0/0  6,1,7,3,4  中  模拟-投注  
201904040553  3[8, 3, 6, 7, 0, 1, 9]  8  1.560  0/2  0/0  6,1,7,3,4  中  模拟-投注  
201904040553  4[6, 9, 1, 0, 7, 3, 4]  8  1.560  0/1  0/0  6,1,7,3,4  中  模拟-投注  

201904040554  0[6, 4, 3, 7, 8, 2, 9]  8  1.560  0/0  0/0  8,7,3,0,0  中  模拟-投注  
201904040554  1[1, 0, 7, 9, 3, 2, 4]  36  7.020  0/1  0/0  8,7,3,0,0  中  模拟-投注  
201904040554  2[7, 5, 4, 0, 3, 8, 1]  8  1.560  0/2  0/0  8,7,3,0,0  中  模拟-投注  
201904040554  3[3, 8, 6, 7, 0, 1, 9]  8  1.560  0/2  0/0  8,7,3,0,0  中  模拟-投注  
201904040554  4[4, 6, 9, 1, 0, 7, 3]  8  1.560  0/1  0/0  8,7,3,0,0  中  模拟-投注  

201904040555  0[8, 6, 4, 3, 7, 2, 9]  8  1.560  0/0  0/0  2,7,9,8,8  中  模拟-投注  
201904040555  1[7, 1, 0, 9, 3, 2, 4]  8  1.560  0/1  0/0  2,7,9,8,8  中  模拟-投注  
201904040555  2[3, 7, 5, 4, 0, 8, 1]  8  -1.120  1/2  0/0  2,7,9,8,8  挂  模拟-投注  
201904040555  3[0, 3, 8, 6, 7, 1, 9]  8  1.560  0/2  0/0  2,7,9,8,8  中  模拟-投注  
201904040555  4[0, 4, 6, 9, 1, 7, 3]  8  -1.120  1/1  0/0  2,7,9,8,8  挂  模拟-投注  

201904040556  0[2, 8, 6, 4, 3, 7, 9]  8  1.560  0/0  0/0  2,1,7,2,4  中  模拟-投注  
201904040556  1[7, 1, 0, 9, 3, 2, 4]  8  1.560  0/1  0/0  2,1,7,2,4  中  模拟-投注  
201904040556  2[9, 3, 7, 5, 4, 0, 8]  36  7.020  0/2  0/0  2,1,7,2,4  中  模拟-投注  
201904040556  3[8, 0, 3, 6, 7, 1, 9]  8  -1.120  1/2  0/0  2,1,7,2,4  挂  模拟-投注  
201904040556  4[8, 0, 4, 6, 9, 1, 7]  36  7.020  0/1  0/0  2,1,7,2,4  中  模拟-投注  

201904090750  0[5, 2, 9, 0, 3, 6, 8]  8  1.560  0/0  0/0  2,8,7,7,4  中  模拟-投注  
201904090750  1[4, 5, 0, 8, 7, 6, 1]  8  1.560  0/0  0/0  2,8,7,7,4  中  模拟-投注  
201904090750  2[6, 4, 1, 2, 3, 0, 8]  8  -1.120  1/1  0/0  2,8,7,7,4  挂  模拟-投注  
201904090750  3[8, 0, 1, 2, 5, 9, 4]  8  -1.120  1/1  0/0  2,8,7,7,4  挂  模拟-投注  
201904090750  4[2, 1, 6, 9, 5, 3, 8]  8  -1.120  1/1  0/0  2,8,7,7,4  挂  模拟-投注  

201904090751  0[2, 5, 9, 0, 3, 6, 8]  8  -1.120  1/1  0/0  1,3,2,3,6  挂  模拟-投注  
201904090751  1[8, 4, 5, 0, 7, 6, 1]  8  -1.120  1/1  0/0  1,3,2,3,6  挂  模拟-投注  
201904090751  2[7, 6, 4, 1, 2, 3, 0]  36  7.020  0/1  0/0  1,3,2,3,6  中  模拟-投注  
201904090751  3[7, 8, 0, 1, 2, 5, 9]  36  -5.040  2/2  0/0  1,3,2,3,6  挂  模拟-投注  
201904090751  4[4, 2, 1, 6, 9, 5, 3]  36  7.020  0/1  0/0  1,3,2,3,6  中  模拟-投注  

201904090755  0[5, 9, 3, 1, 2, 0, 6]  8  -1.120  1/1  0/0  7,1,5,3,7  挂  模拟-投注  
201904090755  1[9, 4, 8, 3, 5, 0, 7]  8  -1.120  1/1  0/0  7,1,5,3,7  挂  模拟-投注  
201904090755  2[2, 5, 9, 7, 6, 4, 1]  8  1.560  0/0  0/0  7,1,5,3,7  中  模拟-投注  
201904090755  3[7, 0, 4, 3, 8, 1, 2]  8  1.560  0/0  0/0  7,1,5,3,7  中  模拟-投注  
201904090755  4[3, 4, 9, 6, 2, 1, 5]  8  -1.120  1/1  0/0  7,1,5,3,7  挂  模拟-投注  

201904090756  0[7, 5, 9, 3, 1, 2, 0]  36  7.020  0/1  0/0  9,9,5,0,0  中  模拟-投注  
201904090756  1[1, 9, 4, 8, 3, 5, 0]  36  7.020  0/1  0/0  9,9,5,0,0  中  模拟-投注  
201904090756  2[5, 2, 9, 7, 6, 4, 1]  8  1.560  0/0  0/0  9,9,5,0,0  中  模拟-投注  
201904090756  3[3, 7, 0, 4, 8, 1, 2]  8  1.560  0/0  0/0  9,9,5,0,0  中  模拟-投注  
201904090756  4[7, 3, 4, 9, 6, 2, 1]  36  -5.040  2/2  0/0  9,9,5,0,0  挂  模拟-投注  

201904090757  0[9, 7, 5, 3, 1, 2, 0]  8  1.560  0/1  0/0  2,5,3,2,6  中  模拟-投注  
201904090757  1[9, 1, 4, 8, 3, 5, 0]  8  1.560  0/1  0/0  2,5,3,2,6  中  模拟-投注  
201904090757  2[5, 2, 9, 7, 6, 4, 1]  8  -1.120  1/1  0/0  2,5,3,2,6  挂  模拟-投注  
201904090757  3[0, 3, 7, 4, 8, 1, 2]  8  1.560  0/0  0/0  2,5,3,2,6  中  模拟-投注  
201904090757  4[0, 7, 3, 4, 9, 6, 2]  135  26.325  0/2  0/0  2,5,3,2,6  中  模拟-投注  

201904090758  0[2, 9, 7, 5, 3, 1, 0]  8  1.560  0/1  0/0  0,3,7,9,9  中  模拟-投注  
201904090758  1[5, 9, 1, 4, 8, 3, 0]  8  1.560  0/1  0/0  0,3,7,9,9  中  模拟-投注  
201904090758  2[3, 5, 2, 9, 7, 6, 4]  36  7.020  0/1  0/0  0,3,7,9,9  中  模拟-投注  
201904090758  3[2, 0, 3, 7, 4, 8, 1]  8  -1.120  1/1  0/0  0,3,7,9,9  挂  模拟-投注  
201904090758  4[6, 0, 7, 3, 4, 9, 2]  8  1.560  0/2  0/0  0,3,7,9,9  中  模拟-投注  

201904090759  0[0, 2, 9, 7, 5, 3, 1]  8  1.560  0/1  0/0  5,2,4,9,6  中  模拟-投注  
201904090759  1[3, 5, 9, 1, 4, 8, 0]  8  -1.120  1/1  0/0  5,2,4,9,6  挂  模拟-投注  
201904090759  2[7, 3, 5, 2, 9, 6, 4]  8  1.560  0/1  0/0  5,2,4,9,6  中  模拟-投注  
201904090759  3[9, 2, 0, 3, 7, 4, 8]  36  7.020  0/1  0/0  5,2,4,9,6  中  模拟-投注  
201904090759  4[9, 6, 0, 7, 3, 4, 2]  8  1.560  0/2  0/0  5,2,4,9,6  中  模拟-投注  

201904090760  0[5, 0, 2, 9, 7, 3, 1]  8  1.560  0/0  0/0  0,1,3,9,9  中  模拟-投注  
201904090760  1[2, 3, 5, 9, 1, 4, 8]  8  1.560  0/0  0/0  0,1,3,9,9  中  模拟-投注  
201904090760  2[4, 7, 3, 5, 2, 9, 6]  8  1.560  0/0  0/0  0,1,3,9,9  中  模拟-投注  
201904090760  3[9, 2, 0, 3, 7, 4, 8]  8  1.560  0/0  0/0  0,1,3,9,9  中  模拟-投注  
201904090760  4[6, 9, 0, 7, 3, 4, 2]  8  1.560  0/0  0/0  0,1,3,9,9  中  模拟-投注  

201904090766  0[6, 1, 4, 8, 0, 5, 2]  8  1.560  0/0  0/0  4,1,9,2,7  中  模拟-投注  
201904090766  1[2, 9, 5, 1, 3, 4, 8]  8  1.560  0/0  0/0  4,1,9,2,7  中  模拟-投注  
201904090766  2[2, 9, 8, 7, 3, 4, 5]  8  1.560  0/0  0/0  4,1,9,2,7  中  模拟-投注  
201904090766  3[5, 9, 8, 6, 2, 0, 3]  8  1.560  0/0  0/0  4,1,9,2,7  中  模拟-投注  
201904090766  4[3, 1, 0, 8, 9, 6, 7]  8  1.560  0/0  0/0  4,1,9,2,7  中  模拟-投注  

201904090767  0[4, 6, 1, 8, 0, 5, 2]  8  -1.120  1/1  0/0  7,6,4,6,6  挂  模拟-投注  
201904090767  1[1, 2, 9, 5, 3, 4, 8]  8  -1.120  1/1  0/0  7,6,4,6,6  挂  模拟-投注  
201904090767  2[9, 2, 8, 7, 3, 4, 5]  8  1.560  0/0  0/0  7,6,4,6,6  中  模拟-投注  
201904090767  3[2, 5, 9, 8, 6, 0, 3]  8  1.560  0/0  0/0  7,6,4,6,6  中  模拟-投注  
201904090767  4[7, 3, 1, 0, 8, 9, 6]  8  1.560  0/0  0/0  7,6,4,6,6  中  模拟-投注  

