1907280846  0[7, 5, 2, 3, 1, 9, 4]  344  6.708  m_0/0_M  z_0/0_Z  7,6,9,4,5  中  模拟-投注  
1907280846  1[6, 1, 0, 2, 3, 4, 9]  344  6.708  m_0/0_M  z_0/0_Z  7,6,9,4,5  中  模拟-投注  
1907280846  2[0, 4, 9, 3, 7, 6, 2]  344  6.708  m_0/0_M  z_0/0_Z  7,6,9,4,5  中  模拟-投注  
1907280846  3[8, 7, 6, 9, 4, 0, 2]  344  6.708  m_0/0_M  z_0/0_Z  7,6,9,4,5  中  模拟-投注  
1907280846  4[8, 7, 9, 2, 3, 6, 5]  344  6.708  m_0/0_M  z_0/0_Z  7,6,9,4,5  中  模拟-投注  

1907280847  0[7, 5, 2, 3, 1, 9, 4]  344  6.708  m_0/0_M  z_0/0_Z  3,7,8,2,9  中  模拟-投注  
1907280847  1[6, 1, 0, 2, 3, 4, 9]  344  -4.816  m_1/1_M  z_0/0_Z  3,7,8,2,9  挂  模拟-投注  
1907280847  2[9, 0, 4, 3, 7, 6, 2]  344  -4.816  m_1/1_M  z_0/0_Z  3,7,8,2,9  挂  模拟-投注  
1907280847  3[4, 8, 7, 6, 9, 0, 2]  344  6.708  m_0/0_M  z_0/0_Z  3,7,8,2,9  中  模拟-投注  
1907280847  4[5, 8, 7, 9, 2, 3, 6]  344  6.708  m_0/0_M  z_0/0_Z  3,7,8,2,9  中  模拟-投注  

1907280850  0[2, 5, 3, 1, 9, 4, 0]  344  -4.816  m_1/1_M  z_0/0_Z  7,9,9,3,1  挂  模拟-投注  
1907280850  1[5, 8, 0, 2, 1, 3, 4]  344  -4.816  m_1/1_M  z_0/0_Z  7,9,9,3,1  挂  模拟-投注  
1907280850  2[8, 5, 9, 3, 7, 6, 2]  344  6.708  m_0/0_M  z_0/0_Z  7,9,9,3,1  中  模拟-投注  
1907280850  3[4, 1, 7, 6, 9, 0, 2]  344  -4.816  m_1/1_M  z_0/0_Z  7,9,9,3,1  挂  模拟-投注  
1907280850  4[3, 6, 7, 9, 2, 8, 5]  344  -4.816  m_1/1_M  z_0/0_Z  7,9,9,3,1  挂  模拟-投注  

1907280851  0[7, 2, 5, 3, 1, 9, 4]  344  6.708  m_0/1_M  z_0/0_Z  7,0,9,6,2  中  模拟-投注  
1907280851  1[9, 5, 8, 0, 2, 1, 3]  344  6.708  m_0/1_M  z_0/0_Z  7,0,9,6,2  中  模拟-投注  
1907280851  2[9, 8, 5, 3, 7, 6, 2]  344  6.708  m_0/0_M  z_0/0_Z  7,0,9,6,2  中  模拟-投注  
1907280851  3[3, 4, 1, 7, 6, 9, 0]  344  6.708  m_0/1_M  z_0/0_Z  7,0,9,6,2  中  模拟-投注  
1907280851  4[1, 3, 6, 7, 9, 2, 8]  344  6.708  m_0/1_M  z_0/0_Z  7,0,9,6,2  中  模拟-投注  

1907280852  0[7, 2, 5, 3, 1, 9, 4]  344  -4.816  m_1/1_M  z_0/0_Z  0,6,8,1,9  挂  模拟-投注  
1907280852  1[0, 9, 5, 8, 2, 1, 3]  344  -4.816  m_1/1_M  z_0/0_Z  0,6,8,1,9  挂  模拟-投注  
1907280852  2[9, 8, 5, 3, 7, 6, 2]  344  6.708  m_0/0_M  z_0/0_Z  0,6,8,1,9  中  模拟-投注  
1907280852  3[6, 3, 4, 1, 7, 9, 0]  344  6.708  m_0/1_M  z_0/0_Z  0,6,8,1,9  中  模拟-投注  
1907280852  4[2, 1, 3, 6, 7, 9, 8]  344  6.708  m_0/1_M  z_0/0_Z  0,6,8,1,9  中  模拟-投注  

1907280853  0[0, 7, 2, 5, 3, 1, 9]  1564  30.498  m_0/1_M  z_0/0_Z  7,1,8,1,2  中  模拟-投注  
1907280853  1[6, 0, 9, 5, 8, 2, 1]  1564  30.498  m_0/1_M  z_0/0_Z  7,1,8,1,2  中  模拟-投注  
1907280853  2[8, 9, 5, 3, 7, 6, 2]  344  6.708  m_0/0_M  z_0/0_Z  7,1,8,1,2  中  模拟-投注  
1907280853  3[1, 6, 3, 4, 7, 9, 0]  344  6.708  m_0/1_M  z_0/0_Z  7,1,8,1,2  中  模拟-投注  
1907280853  4[9, 2, 1, 3, 6, 7, 8]  344  6.708  m_0/1_M  z_0/0_Z  7,1,8,1,2  中  模拟-投注  

1907280854  0[7, 0, 2, 5, 3, 1, 9]  344  6.708  m_0/1_M  z_0/0_Z  7,0,7,7,6  中  模拟-投注  
1907280854  1[1, 6, 0, 9, 5, 8, 2]  344  6.708  m_0/1_M  z_0/0_Z  7,0,7,7,6  中  模拟-投注  
1907280854  2[8, 9, 5, 3, 7, 6, 2]  344  6.708  m_0/0_M  z_0/0_Z  7,0,7,7,6  中  模拟-投注  
1907280854  3[1, 6, 3, 4, 7, 9, 0]  344  6.708  m_0/1_M  z_0/0_Z  7,0,7,7,6  中  模拟-投注  
1907280854  4[2, 9, 1, 3, 6, 7, 8]  344  6.708  m_0/1_M  z_0/0_Z  7,0,7,7,6  中  模拟-投注  

1907280855  0[7, 0, 2, 5, 3, 1, 9]  344  -4.816  m_1/1_M  z_0/0_Z  8,2,3,9,4  挂  模拟-投注  
1907280855  1[0, 1, 6, 9, 5, 8, 2]  344  6.708  m_0/1_M  z_0/0_Z  8,2,3,9,4  中  模拟-投注  
1907280855  2[7, 8, 9, 5, 3, 6, 2]  344  6.708  m_0/0_M  z_0/0_Z  8,2,3,9,4  中  模拟-投注  
1907280855  3[7, 1, 6, 3, 4, 9, 0]  344  6.708  m_0/1_M  z_0/0_Z  8,2,3,9,4  中  模拟-投注  
1907280855  4[6, 2, 9, 1, 3, 7, 8]  344  -4.816  m_1/1_M  z_0/0_Z  8,2,3,9,4  挂  模拟-投注  

1907280856  0[8, 7, 0, 2, 5, 3, 1]  1564  30.498  m_0/1_M  z_0/0_Z  8,8,9,3,4  中  模拟-投注  
1907280856  1[2, 0, 1, 6, 9, 5, 8]  344  6.708  m_0/1_M  z_0/0_Z  8,8,9,3,4  中  模拟-投注  
1907280856  2[3, 7, 8, 9, 5, 6, 2]  344  6.708  m_0/0_M  z_0/0_Z  8,8,9,3,4  中  模拟-投注  
1907280856  3[9, 7, 1, 6, 3, 4, 0]  344  6.708  m_0/1_M  z_0/0_Z  8,8,9,3,4  中  模拟-投注  
1907280856  4[4, 6, 2, 9, 1, 3, 7]  1564  30.498  m_0/1_M  z_0/0_Z  8,8,9,3,4  中  模拟-投注  

1907280857  0[8, 7, 0, 2, 5, 3, 1]  344  -4.816  m_1/1_M  z_0/0_Z  6,7,3,0,3  挂  模拟-投注  
1907280857  1[8, 2, 0, 1, 6, 9, 5]  344  -4.816  m_1/1_M  z_0/0_Z  6,7,3,0,3  挂  模拟-投注  
1907280857  2[9, 3, 7, 8, 5, 6, 2]  344  6.708  m_0/0_M  z_0/0_Z  6,7,3,0,3  中  模拟-投注  
1907280857  3[3, 9, 7, 1, 6, 4, 0]  344  6.708  m_0/1_M  z_0/0_Z  6,7,3,0,3  中  模拟-投注  
1907280857  4[4, 6, 2, 9, 1, 3, 7]  344  6.708  m_0/1_M  z_0/0_Z  6,7,3,0,3  中  模拟-投注  

1907280858  0[6, 8, 7, 0, 2, 5, 3]  1564  -21.896  m_2/2_M  z_0/0_Z  4,7,5,2,5  挂  模拟-投注  
1907280858  1[7, 8, 2, 0, 1, 6, 9]  1564  30.498  m_0/1_M  z_0/0_Z  4,7,5,2,5  中  模拟-投注  
1907280858  2[3, 9, 7, 8, 5, 6, 2]  344  6.708  m_0/0_M  z_0/0_Z  4,7,5,2,5  中  模拟-投注  
1907280858  3[0, 3, 9, 7, 1, 6, 4]  344  -4.816  m_1/1_M  z_0/0_Z  4,7,5,2,5  挂  模拟-投注  
1907280858  4[3, 4, 6, 2, 9, 1, 7]  344  -4.816  m_1/1_M  z_0/0_Z  4,7,5,2,5  挂  模拟-投注  

1907280859  0[4, 6, 8, 7, 0, 2, 5]  5889  114.836  m_0/2_M  z_0/0_Z  5,9,1,9,7  中  模拟-投注  
1907280859  1[7, 8, 2, 0, 1, 6, 9]  344  6.708  m_0/1_M  z_0/0_Z  5,9,1,9,7  中  模拟-投注  
1907280859  2[5, 3, 9, 7, 8, 6, 2]  344  -4.816  m_1/1_M  z_0/0_Z  5,9,1,9,7  挂  模拟-投注  
1907280859  3[2, 0, 3, 9, 7, 1, 6]  1564  30.498  m_0/1_M  z_0/0_Z  5,9,1,9,7  中  模拟-投注  
1907280859  4[5, 3, 4, 6, 2, 9, 1]  1564  -21.896  m_2/2_M  z_0/0_Z  5,9,1,9,7  挂  模拟-投注  

1907280860  0[5, 4, 6, 8, 7, 0, 2]  344  -4.816  m_1/2_M  z_0/0_Z  1,7,5,7,8  挂  模拟-投注  
1907280860  1[9, 7, 8, 2, 0, 1, 6]  344  6.708  m_0/1_M  z_0/0_Z  1,7,5,7,8  中  模拟-投注  
1907280860  2[1, 5, 3, 9, 7, 8, 6]  1564  30.498  m_0/1_M  z_0/0_Z  1,7,5,7,8  中  模拟-投注  
1907280860  3[9, 2, 0, 3, 7, 1, 6]  344  6.708  m_0/1_M  z_0/0_Z  1,7,5,7,8  中  模拟-投注  
1907280860  4[7, 5, 3, 4, 6, 2, 9]  5889  -82.446  m_3/3_M  z_0/0_Z  1,7,5,7,8  挂  模拟-投注  

1907280861  0[1, 5, 4, 6, 8, 7, 0]  1564  30.498  m_0/2_M  z_0/0_Z  8,2,2,6,2  中  模拟-投注  
1907280861  1[7, 9, 8, 2, 0, 1, 6]  344  6.708  m_0/1_M  z_0/0_Z  8,2,2,6,2  中  模拟-投注  
1907280861  2[5, 1, 3, 9, 7, 8, 6]  344  -4.816  m_1/1_M  z_0/0_Z  8,2,2,6,2  挂  模拟-投注  
1907280861  3[7, 9, 2, 0, 3, 1, 6]  344  6.708  m_0/1_M  z_0/0_Z  8,2,2,6,2  中  模拟-投注  
1907280861  4[8, 7, 5, 3, 4, 6, 2]  21223  413.849  m_0/3_M  z_0/0_Z  8,2,2,6,2  中  模拟-投注  

1907280862  0[8, 1, 5, 4, 6, 7, 0]  344  6.708  m_0/2_M  z_0/0_Z  4,8,0,5,0  中  模拟-投注  
1907280862  1[2, 7, 9, 8, 0, 1, 6]  344  6.708  m_0/1_M  z_0/0_Z  4,8,0,5,0  中  模拟-投注  
1907280862  2[2, 5, 1, 3, 9, 7, 8]  1564  -21.896  m_2/2_M  z_0/0_Z  4,8,0,5,0  挂  模拟-投注  
1907280862  3[6, 7, 9, 2, 0, 3, 1]  344  -4.816  m_1/1_M  z_0/0_Z  4,8,0,5,0  挂  模拟-投注  
1907280862  4[2, 8, 7, 5, 3, 4, 6]  344  -4.816  m_1/3_M  z_0/0_Z  4,8,0,5,0  挂  模拟-投注  

1907280863  0[4, 8, 1, 5, 6, 7, 0]  344  6.708  m_0/2_M  z_0/0_Z  5,7,7,9,5  中  模拟-投注  
1907280863  1[8, 2, 7, 9, 0, 1, 6]  344  6.708  m_0/1_M  z_0/0_Z  5,7,7,9,5  中  模拟-投注  
1907280863  2[0, 2, 5, 1, 3, 9, 7]  5889  114.836  m_0/2_M  z_0/0_Z  5,7,7,9,5  中  模拟-投注  
1907280863  3[5, 6, 7, 9, 2, 0, 3]  1564  30.498  m_0/1_M  z_0/0_Z  5,7,7,9,5  中  模拟-投注  
1907280863  4[0, 2, 8, 7, 5, 3, 4]  1564  30.498  m_0/3_M  z_0/0_Z  5,7,7,9,5  中  模拟-投注  

1907280864  0[5, 4, 8, 1, 6, 7, 0]  344  6.708  m_0/2_M  z_0/0_Z  7,3,2,1,0  中  模拟-投注  
1907280864  1[7, 8, 2, 9, 0, 1, 6]  344  -4.816  m_1/1_M  z_0/0_Z  7,3,2,1,0  挂  模拟-投注  
1907280864  2[7, 0, 2, 5, 1, 3, 9]  344  6.708  m_0/2_M  z_0/0_Z  7,3,2,1,0  中  模拟-投注  
1907280864  3[9, 5, 6, 7, 2, 0, 3]  344  -4.816  m_1/1_M  z_0/0_Z  7,3,2,1,0  挂  模拟-投注  
1907280864  4[5, 0, 2, 8, 7, 3, 4]  344  6.708  m_0/3_M  z_0/0_Z  7,3,2,1,0  中  模拟-投注  

1907280865  0[7, 5, 4, 8, 1, 6, 0]  344  6.708  m_0/2_M  z_0/0_Z  7,1,7,6,7  中  模拟-投注  
1907280865  1[3, 7, 8, 2, 9, 0, 1]  1564  30.498  m_0/1_M  z_0/0_Z  7,1,7,6,7  中  模拟-投注  
1907280865  2[2, 7, 0, 5, 1, 3, 9]  344  6.708  m_0/2_M  z_0/0_Z  7,1,7,6,7  中  模拟-投注  
1907280865  3[1, 9, 5, 6, 7, 2, 0]  1564  30.498  m_0/1_M  z_0/0_Z  7,1,7,6,7  中  模拟-投注  
1907280865  4[0, 5, 2, 8, 7, 3, 4]  344  6.708  m_0/3_M  z_0/0_Z  7,1,7,6,7  中  模拟-投注  

1907280866  0[7, 5, 4, 8, 1, 6, 0]  344  6.708  m_0/2_M  z_0/0_Z  5,0,5,7,9  中  模拟-投注  
1907280866  1[1, 3, 7, 8, 2, 9, 0]  344  6.708  m_0/1_M  z_0/0_Z  5,0,5,7,9  中  模拟-投注  
1907280866  2[7, 2, 0, 5, 1, 3, 9]  344  6.708  m_0/2_M  z_0/0_Z  5,0,5,7,9  中  模拟-投注  
1907280866  3[6, 1, 9, 5, 7, 2, 0]  344  6.708  m_0/1_M  z_0/0_Z  5,0,5,7,9  中  模拟-投注  
1907280866  4[7, 0, 5, 2, 8, 3, 4]  344  -4.816  m_1/3_M  z_0/0_Z  5,0,5,7,9  挂  模拟-投注  

1907280867  0[5, 7, 4, 8, 1, 6, 0]  344  -4.816  m_1/2_M  z_0/0_Z  9,7,7,9,3  挂  模拟-投注  
1907280867  1[0, 1, 3, 7, 8, 2, 9]  344  6.708  m_0/1_M  z_0/0_Z  9,7,7,9,3  中  模拟-投注  
1907280867  2[5, 7, 2, 0, 1, 3, 9]  344  6.708  m_0/2_M  z_0/0_Z  9,7,7,9,3  中  模拟-投注  
1907280867  3[7, 6, 1, 9, 5, 2, 0]  344  6.708  m_0/1_M  z_0/0_Z  9,7,7,9,3  中  模拟-投注  
1907280867  4[9, 7, 0, 5, 2, 8, 3]  1564  30.498  m_0/3_M  z_0/0_Z  9,7,7,9,3  中  模拟-投注  

1907280868  0[9, 5, 7, 4, 8, 1, 6]  1564  -21.896  m_2/2_M  z_0/0_Z  3,0,5,0,3  挂  模拟-投注  
1907280868  1[7, 0, 1, 3, 8, 2, 9]  344  6.708  m_0/1_M  z_0/0_Z  3,0,5,0,3  中  模拟-投注  
1907280868  2[7, 5, 2, 0, 1, 3, 9]  344  6.708  m_0/2_M  z_0/0_Z  3,0,5,0,3  中  模拟-投注  
1907280868  3[9, 7, 6, 1, 5, 2, 0]  344  6.708  m_0/1_M  z_0/0_Z  3,0,5,0,3  中  模拟-投注  
1907280868  4[3, 9, 7, 0, 5, 2, 8]  344  6.708  m_0/3_M  z_0/0_Z  3,0,5,0,3  中  模拟-投注  

1907280869  0[3, 9, 5, 7, 4, 8, 1]  5889  114.836  m_0/2_M  z_0/0_Z  3,0,4,0,8  中  模拟-投注  
1907280869  1[0, 7, 1, 3, 8, 2, 9]  344  6.708  m_0/1_M  z_0/0_Z  3,0,4,0,8  中  模拟-投注  
1907280869  2[5, 7, 2, 0, 1, 3, 9]  344  -4.816  m_1/2_M  z_0/0_Z  3,0,4,0,8  挂  模拟-投注  
1907280869  3[0, 9, 7, 6, 1, 5, 2]  344  6.708  m_0/1_M  z_0/0_Z  3,0,4,0,8  中  模拟-投注  
1907280869  4[3, 9, 7, 0, 5, 2, 8]  344  6.708  m_0/3_M  z_0/0_Z  3,0,4,0,8  中  模拟-投注  

1907280870  0[3, 9, 5, 7, 4, 8, 1]  344  6.708  m_0/2_M  z_0/0_Z  4,6,5,9,0  中  模拟-投注  
1907280870  1[0, 7, 1, 3, 8, 2, 9]  344  -4.816  m_1/1_M  z_0/0_Z  4,6,5,9,0  挂  模拟-投注  
1907280870  2[4, 5, 7, 2, 0, 1, 3]  1564  30.498  m_0/2_M  z_0/0_Z  4,6,5,9,0  中  模拟-投注  
1907280870  3[0, 9, 7, 6, 1, 5, 2]  344  6.708  m_0/1_M  z_0/0_Z  4,6,5,9,0  中  模拟-投注  
1907280870  4[8, 3, 9, 7, 0, 5, 2]  344  6.708  m_0/3_M  z_0/0_Z  4,6,5,9,0  中  模拟-投注  

1907280871  0[4, 3, 9, 5, 7, 8, 1]  344  -4.816  m_1/2_M  z_0/0_Z  0,8,0,3,0  挂  模拟-投注  
1907280871  1[6, 0, 7, 1, 3, 8, 2]  1564  30.498  m_0/1_M  z_0/0_Z  0,8,0,3,0  中  模拟-投注  
1907280871  2[5, 4, 7, 2, 0, 1, 3]  344  6.708  m_0/2_M  z_0/0_Z  0,8,0,3,0  中  模拟-投注  
1907280871  3[9, 0, 7, 6, 1, 5, 2]  344  -4.816  m_1/1_M  z_0/0_Z  0,8,0,3,0  挂  模拟-投注  
1907280871  4[0, 8, 3, 9, 7, 5, 2]  344  6.708  m_0/3_M  z_0/0_Z  0,8,0,3,0  中  模拟-投注  

1907280872  0[0, 4, 3, 9, 5, 7, 8]  1564  -21.896  m_2/2_M  z_0/0_Z  6,0,1,4,1  挂  模拟-投注  
1907280872  1[8, 6, 0, 7, 1, 3, 2]  344  6.708  m_0/1_M  z_0/0_Z  6,0,1,4,1  中  模拟-投注  
1907280872  2[0, 5, 4, 7, 2, 1, 3]  344  6.708  m_0/2_M  z_0/0_Z  6,0,1,4,1  中  模拟-投注  
1907280872  3[3, 9, 0, 7, 6, 1, 5]  1564  -21.896  m_2/2_M  z_0/0_Z  6,0,1,4,1  挂  模拟-投注  
1907280872  4[0, 8, 3, 9, 7, 5, 2]  344  -4.816  m_1/3_M  z_0/0_Z  6,0,1,4,1  挂  模拟-投注  

1907280873  0[6, 0, 4, 3, 9, 5, 7]  5889  114.836  m_0/2_M  z_0/0_Z  5,4,2,9,0  中  模拟-投注  
1907280873  1[0, 8, 6, 7, 1, 3, 2]  344  -4.816  m_1/1_M  z_0/0_Z  5,4,2,9,0  挂  模拟-投注  
1907280873  2[1, 0, 5, 4, 7, 2, 3]  344  6.708  m_0/2_M  z_0/0_Z  5,4,2,9,0  中  模拟-投注  
1907280873  3[4, 3, 9, 0, 7, 6, 1]  5889  114.836  m_0/2_M  z_0/0_Z  5,4,2,9,0  中  模拟-投注  
1907280873  4[1, 0, 8, 3, 9, 7, 5]  1564  30.498  m_0/3_M  z_0/0_Z  5,4,2,9,0  中  模拟-投注  

1907280874  0[5, 6, 0, 4, 3, 9, 7]  344  6.708  m_0/2_M  z_0/0_Z  3,4,7,1,0  中  模拟-投注  
1907280874  1[4, 0, 8, 6, 7, 1, 3]  1564  30.498  m_0/1_M  z_0/0_Z  3,4,7,1,0  中  模拟-投注  
1907280874  2[2, 1, 0, 5, 4, 7, 3]  344  6.708  m_0/2_M  z_0/0_Z  3,4,7,1,0  中  模拟-投注  
1907280874  3[9, 4, 3, 0, 7, 6, 1]  344  6.708  m_0/2_M  z_0/0_Z  3,4,7,1,0  中  模拟-投注  
1907280874  4[0, 1, 8, 3, 9, 7, 5]  344  6.708  m_0/3_M  z_0/0_Z  3,4,7,1,0  中  模拟-投注  

1907280875  0[3, 5, 6, 0, 4, 9, 7]  344  -4.816  m_1/2_M  z_0/0_Z  2,6,1,4,2  挂  模拟-投注  
1907280875  1[4, 0, 8, 6, 7, 1, 3]  344  6.708  m_0/1_M  z_0/0_Z  2,6,1,4,2  中  模拟-投注  
1907280875  2[7, 2, 1, 0, 5, 4, 3]  344  6.708  m_0/2_M  z_0/0_Z  2,6,1,4,2  中  模拟-投注  
1907280875  3[1, 9, 4, 3, 0, 7, 6]  344  6.708  m_0/2_M  z_0/0_Z  2,6,1,4,2  中  模拟-投注  
1907280875  4[0, 1, 8, 3, 9, 7, 5]  344  -4.816  m_1/3_M  z_0/0_Z  2,6,1,4,2  挂  模拟-投注  

1907280876  0[2, 3, 5, 6, 0, 4, 9]  1564  30.498  m_0/2_M  z_0/0_Z  9,2,0,9,4  中  模拟-投注  
1907280876  1[6, 4, 0, 8, 7, 1, 3]  344  -4.816  m_1/1_M  z_0/0_Z  9,2,0,9,4  挂  模拟-投注  
1907280876  2[1, 7, 2, 0, 5, 4, 3]  344  6.708  m_0/2_M  z_0/0_Z  9,2,0,9,4  中  模拟-投注  
1907280876  3[4, 1, 9, 3, 0, 7, 6]  344  6.708  m_0/2_M  z_0/0_Z  9,2,0,9,4  中  模拟-投注  
1907280876  4[2, 0, 1, 8, 3, 9, 7]  1564  -21.896  m_2/3_M  z_0/0_Z  9,2,0,9,4  挂  模拟-投注  

1907280877  0[9, 2, 3, 5, 6, 0, 4]  344  6.708  m_0/2_M  z_0/0_Z  4,7,5,4,0  中  模拟-投注  
1907280877  1[2, 6, 4, 0, 8, 7, 1]  1564  30.498  m_0/1_M  z_0/0_Z  4,7,5,4,0  中  模拟-投注  
1907280877  2[0, 1, 7, 2, 5, 4, 3]  344  6.708  m_0/2_M  z_0/0_Z  4,7,5,4,0  中  模拟-投注  
1907280877  3[9, 4, 1, 3, 0, 7, 6]  344  6.708  m_0/2_M  z_0/0_Z  4,7,5,4,0  中  模拟-投注  
1907280877  4[4, 2, 0, 1, 8, 3, 9]  5889  114.836  m_0/3_M  z_0/0_Z  4,7,5,4,0  中  模拟-投注  

1907280878  0[4, 9, 2, 3, 5, 6, 0]  344  6.708  m_0/2_M  z_0/0_Z  5,7,1,3,2  中  模拟-投注  
1907280878  1[7, 2, 6, 4, 0, 8, 1]  344  6.708  m_0/1_M  z_0/0_Z  5,7,1,3,2  中  模拟-投注  
1907280878  2[5, 0, 1, 7, 2, 4, 3]  344  6.708  m_0/2_M  z_0/0_Z  5,7,1,3,2  中  模拟-投注  
1907280878  3[4, 9, 1, 3, 0, 7, 6]  344  6.708  m_0/2_M  z_0/0_Z  5,7,1,3,2  中  模拟-投注  
1907280878  4[0, 4, 2, 1, 8, 3, 9]  344  6.708  m_0/3_M  z_0/0_Z  5,7,1,3,2  中  模拟-投注  

1907280879  0[5, 4, 9, 2, 3, 6, 0]  344  6.708  m_0/2_M  z_0/0_Z  2,4,4,0,4  中  模拟-投注  
1907280879  1[7, 2, 6, 4, 0, 8, 1]  344  6.708  m_0/1_M  z_0/0_Z  2,4,4,0,4  中  模拟-投注  
1907280879  2[1, 5, 0, 7, 2, 4]  344  6.708  m_0/2_M  z_0/0_Z  2,4,4,0,4  中  模拟-投注  
1907280879  3[3, 4, 9, 1, 0, 7, 6]  344  6.708  m_0/2_M  z_0/0_Z  2,4,4,0,4  中  模拟-投注  
1907280879  4[2, 0, 4, 1, 8, 3, 9]  344  6.708  m_0/3_M  z_0/0_Z  2,4,4,0,4  中  模拟-投注  

1907280880  0[2, 5, 4, 9, 3, 6, 0]  344  6.708  m_0/2_M  z_0/0_Z  3,7,9,5,9  中  模拟-投注  
1907280880  1[4, 7, 2, 6, 0, 8, 1]  344  6.708  m_0/1_M  z_0/0_Z  3,7,9,5,9  中  模拟-投注  
1907280880  2[4, 1, 5, 0, 7, 2]  344  -4.128  m_1/2_M  z_0/0_Z  3,7,9,5,9  挂  模拟-投注  
1907280880  3[0, 3, 4, 9, 1, 7, 6]  344  -4.816  m_1/2_M  z_0/0_Z  3,7,9,5,9  挂  模拟-投注  
1907280880  4[4, 2, 0, 1, 8, 3, 9]  344  6.708  m_0/3_M  z_0/0_Z  3,7,9,5,9  中  模拟-投注  

1907280881  0[3, 2, 5, 4, 9, 6, 0]  344  6.708  m_0/2_M  z_0/0_Z  2,8,4,2,4  中  模拟-投注  
1907280881  1[7, 4, 2, 6, 0, 8, 1]  344  6.708  m_0/1_M  z_0/0_Z  2,8,4,2,4  中  模拟-投注  
1907280881  2[9, 4, 1, 5, 0, 7, 2]  1564  30.498  m_0/2_M  z_0/0_Z  2,8,4,2,4  中  模拟-投注  
1907280881  3[5, 0, 3, 4, 9, 1, 7]  1564  -21.896  m_2/2_M  z_0/0_Z  2,8,4,2,4  挂  模拟-投注  
1907280881  4[9, 4, 2, 0, 1, 8, 3]  344  6.708  m_0/3_M  z_0/0_Z  2,8,4,2,4  中  模拟-投注  

1907280882  0[2, 3, 5, 4, 9, 6, 0]  344  -4.816  m_1/2_M  z_0/0_Z  7,6,5,4,8  挂  模拟-投注  
1907280882  1[8, 7, 4, 2, 6, 0, 1]  344  6.708  m_0/1_M  z_0/0_Z  7,6,5,4,8  中  模拟-投注  
1907280882  2[4, 9, 1, 5, 0, 7, 2]  344  6.708  m_0/2_M  z_0/0_Z  7,6,5,4,8  中  模拟-投注  
1907280882  3[2, 5, 0, 3, 4, 9, 1]  5889  114.836  m_0/2_M  z_0/0_Z  7,6,5,4,8  中  模拟-投注  
1907280882  4[4, 9, 2, 0, 1, 8, 3]  344  6.708  m_0/3_M  z_0/0_Z  7,6,5,4,8  中  模拟-投注  

1907280883  0[7, 2, 3, 5, 4, 9, 6]  1564  -21.896  m_2/2_M  z_0/0_Z  8,8,6,3,8  挂  模拟-投注  
1907280883  1[6, 8, 7, 4, 2, 0, 1]  344  6.708  m_0/1_M  z_0/0_Z  8,8,6,3,8  中  模拟-投注  
1907280883  2[5, 4, 9, 1, 0, 7, 2]  344  -4.816  m_1/2_M  z_0/0_Z  8,8,6,3,8  挂  模拟-投注  
1907280883  3[4, 2, 5, 0, 3, 9, 1]  344  6.708  m_0/2_M  z_0/0_Z  8,8,6,3,8  中  模拟-投注  
1907280883  4[8, 4, 9, 2, 0, 1, 3]  344  6.708  m_0/3_M  z_0/0_Z  8,8,6,3,8  中  模拟-投注  

1907280884  0[8, 7, 2, 3, 5, 4, 9]  5889  114.836  m_0/2_M  z_0/0_Z  8,9,3,1,1  中  模拟-投注  
1907280884  1[8, 6, 7, 4, 2, 0, 1]  344  -4.816  m_1/1_M  z_0/0_Z  8,9,3,1,1  挂  模拟-投注  
1907280884  2[6, 5, 4, 9, 1, 0, 7]  1564  -21.896  m_2/2_M  z_0/0_Z  8,9,3,1,1  挂  模拟-投注  
1907280884  3[3, 4, 2, 5, 0, 9, 1]  344  6.708  m_0/2_M  z_0/0_Z  8,9,3,1,1  中  模拟-投注  
1907280884  4[8, 4, 9, 2, 0, 1, 3]  344  6.708  m_0/3_M  z_0/0_Z  8,9,3,1,1  中  模拟-投注  

1907280885  0[8, 7, 2, 3, 5, 4, 9]  344  6.708  m_0/2_M  z_0/0_Z  7,5,2,4,5  中  模拟-投注  
1907280885  1[9, 8, 6, 7, 4, 2, 0]  1564  -21.896  m_2/2_M  z_0/0_Z  7,5,2,4,5  挂  模拟-投注  
1907280885  2[3, 6, 5, 4, 9, 1, 0]  5889  -82.446  m_3/3_M  z_0/0_Z  7,5,2,4,5  挂  模拟-投注  
1907280885  3[1, 3, 4, 2, 5, 0, 9]  344  6.708  m_0/2_M  z_0/0_Z  7,5,2,4,5  中  模拟-投注  
1907280885  4[1, 8, 4, 9, 2, 0, 3]  344  -4.816  m_1/3_M  z_0/0_Z  7,5,2,4,5  挂  模拟-投注  

1907280886  0[7, 8, 2, 3, 5, 4, 9]  344  -4.816  m_1/2_M  z_0/0_Z  0,7,0,5,5  挂  模拟-投注  
1907280886  1[5, 9, 8, 6, 7, 4, 2]  5889  114.836  m_0/2_M  z_0/0_Z  0,7,0,5,5  中  模拟-投注  
1907280886  2[2, 3, 6, 5, 4, 9, 1]  21223  -297.122  m_4/4_M  z_0/0_Z  0,7,0,5,5  挂  模拟-投注  
1907280886  3[4, 1, 3, 2, 5, 0, 9]  344  6.708  m_0/2_M  z_0/0_Z  0,7,0,5,5  中  模拟-投注  
1907280886  4[5, 1, 8, 4, 9, 2, 0]  1564  30.498  m_0/3_M  z_0/0_Z  0,7,0,5,5  中  模拟-投注  

1907280887  0[0, 7, 8, 2, 3, 5, 4]  1564  30.498  m_0/2_M  z_0/0_Z  7,9,6,2,9  中  模拟-投注  
1907280887  1[7, 5, 9, 8, 6, 4, 2]  344  6.708  m_0/2_M  z_0/0_Z  7,9,6,2,9  中  模拟-投注  
1907280887  2[0, 2, 3, 6, 5, 4, 9]  344  6.708  m_0/4_M  z_0/0_Z  7,9,6,2,9  中  模拟-投注  
1907280887  3[5, 4, 1, 3, 2, 0, 9]  344  6.708  m_0/2_M  z_0/0_Z  7,9,6,2,9  中  模拟-投注  
1907280887  4[5, 1, 8, 4, 9, 2, 0]  344  6.708  m_0/3_M  z_0/0_Z  7,9,6,2,9  中  模拟-投注  

1907280888  0[7, 0, 8, 2, 3, 5, 4]  344  -4.816  m_1/2_M  z_0/0_Z  6,8,9,1,7  挂  模拟-投注  
1907280888  1[9, 7, 5, 8, 6, 4, 2]  344  6.708  m_0/2_M  z_0/0_Z  6,8,9,1,7  中  模拟-投注  
1907280888  2[6, 0, 2, 3, 5, 4, 9]  344  6.708  m_0/4_M  z_0/0_Z  6,8,9,1,7  中  模拟-投注  
1907280888  3[2, 5, 4, 1, 3, 0, 9]  344  6.708  m_0/2_M  z_0/0_Z  6,8,9,1,7  中  模拟-投注  
1907280888  4[9, 5, 1, 8, 4, 2, 0]  344  -4.816  m_1/3_M  z_0/0_Z  6,8,9,1,7  挂  模拟-投注  

1907280889  0[6, 7, 0, 8, 2, 3, 5]  1564  30.498  m_0/2_M  z_0/0_Z  7,5,4,9,5  中  模拟-投注  
1907280889  1[8, 9, 7, 5, 6, 4, 2]  344  6.708  m_0/2_M  z_0/0_Z  7,5,4,9,5  中  模拟-投注  
1907280889  2[9, 6, 0, 2, 3, 5, 4]  344  6.708  m_0/4_M  z_0/0_Z  7,5,4,9,5  中  模拟-投注  
1907280889  3[1, 2, 5, 4, 3, 0, 9]  344  6.708  m_0/2_M  z_0/0_Z  7,5,4,9,5  中  模拟-投注  
1907280889  4[7, 9, 5, 1, 8, 4, 2]  1564  30.498  m_0/3_M  z_0/0_Z  7,5,4,9,5  中  模拟-投注  

1907280890  0[7, 6, 0, 8, 2, 3, 5]  344  -4.816  m_1/2_M  z_0/0_Z  9,0,7,6,5  挂  模拟-投注  
1907280890  1[5, 8, 9, 7, 6, 4, 2]  344  -4.816  m_1/2_M  z_0/0_Z  9,0,7,6,5  挂  模拟-投注  
1907280890  2[4, 9, 6, 0, 2, 3, 5]  344  -4.816  m_1/4_M  z_0/0_Z  9,0,7,6,5  挂  模拟-投注  
1907280890  3[9, 1, 2, 5, 4, 3, 0]  344  -4.816  m_1/2_M  z_0/0_Z  9,0,7,6,5  挂  模拟-投注  
1907280890  4[5, 7, 9, 1, 8, 4, 2]  344  6.708  m_0/3_M  z_0/0_Z  9,0,7,6,5  中  模拟-投注  

1907280891  0[9, 7, 6, 0, 8, 2, 3]  1564  30.498  m_0/2_M  z_0/0_Z  0,6,5,8,6  中  模拟-投注  
1907280891  1[0, 5, 8, 9, 7, 6, 4]  1564  30.498  m_0/2_M  z_0/0_Z  0,6,5,8,6  中  模拟-投注  
1907280891  2[7, 4, 9, 6, 0, 2, 3]  1564  -21.896  m_2/4_M  z_0/0_Z  0,6,5,8,6  挂  模拟-投注  
1907280891  3[6, 9, 1, 2, 5, 4, 3]  1564  -21.896  m_2/2_M  z_0/0_Z  0,6,5,8,6  挂  模拟-投注  
1907280891  4[5, 7, 9, 1, 8, 4, 2]  344  -4.816  m_1/3_M  z_0/0_Z  0,6,5,8,6  挂  模拟-投注  

1907280892  0[0, 9, 7, 6, 8, 2, 3]  344  -4.816  m_1/2_M  z_0/0_Z  1,9,2,0,8  挂  模拟-投注  
1907280892  1[6, 0, 5, 8, 9, 7, 4]  344  6.708  m_0/2_M  z_0/0_Z  1,9,2,0,8  中  模拟-投注  
1907280892  2[5, 7, 4, 9, 6, 0, 2]  5889  114.836  m_0/4_M  z_0/0_Z  1,9,2,0,8  中  模拟-投注  
1907280892  3[8, 6, 9, 1, 2, 5, 4]  5889  -82.446  m_3/3_M  z_0/0_Z  1,9,2,0,8  挂  模拟-投注  
1907280892  4[6, 5, 7, 9, 1, 8, 4]  1564  30.498  m_0/3_M  z_0/0_Z  1,9,2,0,8  中  模拟-投注  

1907280893  0[1, 0, 9, 7, 6, 8, 2]  1564  -21.896  m_2/2_M  z_0/0_Z  5,3,3,4,7  挂  模拟-投注  
1907280893  1[9, 6, 0, 5, 8, 7, 4]  344  -4.816  m_1/2_M  z_0/0_Z  5,3,3,4,7  挂  模拟-投注  
1907280893  2[2, 5, 7, 4, 9, 6, 0]  344  -4.816  m_1/4_M  z_0/0_Z  5,3,3,4,7  挂  模拟-投注  
1907280893  3[0, 8, 6, 9, 1, 2, 5]  21223  -297.122  m_4/4_M  z_0/0_Z  5,3,3,4,7  挂  模拟-投注  
1907280893  4[8, 6, 5, 7, 9, 1, 4]  344  6.708  m_0/3_M  z_0/0_Z  5,3,3,4,7  中  模拟-投注  

1907280894  0[5, 1, 0, 9, 7, 6, 8]  5889  114.836  m_0/2_M  z_0/0_Z  6,9,8,8,8  中  模拟-投注  
1907280894  1[3, 9, 6, 0, 5, 8, 7]  1564  30.498  m_0/2_M  z_0/0_Z  6,9,8,8,8  中  模拟-投注  
1907280894  2[3, 2, 5, 7, 4, 9, 6]  1564  -21.896  m_2/4_M  z_0/0_Z  6,9,8,8,8  挂  模拟-投注  
1907280894  3[4, 0, 8, 6, 9, 1, 2]  344  6.708  m_0/4_M  z_0/0_Z  6,9,8,8,8  中  模拟-投注  
1907280894  4[7, 8, 6, 5, 9, 1, 4]  344  6.708  m_0/3_M  z_0/0_Z  6,9,8,8,8  中  模拟-投注  

1907280895  0[3, 2, 9, 4, 5, 7, 8]  344  6.708  m_0/0_M  z_0/0_Z  5,3,2,8,8  中  模拟-投注  
1907280895  1[4, 6, 2, 7, 8, 9, 5]  344  -4.816  m_1/1_M  z_0/0_Z  5,3,2,8,8  挂  模拟-投注  
1907280895  2[7, 1, 0, 5, 4, 9, 6]  344  -4.816  m_1/1_M  z_0/0_Z  5,3,2,8,8  挂  模拟-投注  
1907280895  3[1, 4, 9, 3, 0, 5, 2]  344  -4.816  m_1/1_M  z_0/0_Z  5,3,2,8,8  挂  模拟-投注  
1907280895  4[0, 2, 4, 9, 8, 1, 5]  344  6.708  m_0/0_M  z_0/0_Z  5,3,2,8,8  中  模拟-投注  

1907280896  0[5, 3, 2, 9, 4, 7, 8]  344  6.708  m_0/0_M  z_0/0_Z  2,9,5,9,0  中  模拟-投注  
1907280896  1[3, 4, 6, 2, 7, 8, 9]  1564  30.498  m_0/1_M  z_0/0_Z  2,9,5,9,0  中  模拟-投注  
1907280896  2[2, 7, 1, 0, 5, 4, 9]  1564  30.498  m_0/1_M  z_0/0_Z  2,9,5,9,0  中  模拟-投注  
1907280896  3[8, 1, 4, 9, 3, 0, 5]  1564  30.498  m_0/1_M  z_0/0_Z  2,9,5,9,0  中  模拟-投注  
1907280896  4[8, 0, 2, 4, 9, 1, 5]  344  6.708  m_0/0_M  z_0/0_Z  2,9,5,9,0  中  模拟-投注  

1907280897  0[2, 5, 3, 9, 4, 7, 8]  344  -4.816  m_1/1_M  z_0/0_Z  1,3,9,0,3  挂  模拟-投注  
1907280897  1[9, 3, 4, 6, 2, 7, 8]  344  6.708  m_0/1_M  z_0/0_Z  1,3,9,0,3  中  模拟-投注  
1907280897  2[5, 2, 7, 1, 0, 4, 9]  344  6.708  m_0/1_M  z_0/0_Z  1,3,9,0,3  中  模拟-投注  
1907280897  3[9, 8, 1, 4, 3, 0, 5]  344  6.708  m_0/1_M  z_0/0_Z  1,3,9,0,3  中  模拟-投注  
1907280897  4[0, 8, 2, 4, 9, 1, 5]  344  -4.816  m_1/1_M  z_0/0_Z  1,3,9,0,3  挂  模拟-投注  

1907280898  0[1, 2, 5, 3, 9, 4, 7]  1564  -21.896  m_2/2_M  z_0/0_Z  8,2,7,4,0  挂  模拟-投注  
1907280898  1[3, 9, 4, 6, 2, 7, 8]  344  6.708  m_0/1_M  z_0/0_Z  8,2,7,4,0  中  模拟-投注  
1907280898  2[9, 5, 2, 7, 1, 0, 4]  344  6.708  m_0/1_M  z_0/0_Z  8,2,7,4,0  中  模拟-投注  
1907280898  3[0, 9, 8, 1, 4, 3, 5]  344  6.708  m_0/1_M  z_0/0_Z  8,2,7,4,0  中  模拟-投注  
1907280898  4[3, 0, 8, 2, 4, 9, 1]  1564  30.498  m_0/1_M  z_0/0_Z  8,2,7,4,0  中  模拟-投注  

1907280899  0[8, 1, 2, 5, 3, 9, 4]  5889  114.836  m_0/2_M  z_0/0_Z  5,0,1,3,2  中  模拟-投注  
1907280899  1[2, 3, 9, 4, 6, 7, 8]  344  -4.816  m_1/1_M  z_0/0_Z  5,0,1,3,2  挂  模拟-投注  
1907280899  2[7, 9, 5, 2, 1, 0, 4]  344  6.708  m_0/1_M  z_0/0_Z  5,0,1,3,2  中  模拟-投注  
1907280899  3[4, 0, 9, 8, 1, 3, 5]  344  6.708  m_0/1_M  z_0/0_Z  5,0,1,3,2  中  模拟-投注  
1907280899  4[0, 3, 8, 2, 4, 9, 1]  344  6.708  m_0/1_M  z_0/0_Z  5,0,1,3,2  中  模拟-投注  

1907280900  0[5, 8, 1, 2, 3, 9, 4]  344  6.708  m_0/2_M  z_0/0_Z  9,5,0,7,9  中  真 实-投注  
1907280900  1[0, 2, 3, 9, 4, 6, 7]  1564  -21.896  m_2/2_M  z_0/0_Z  9,5,0,7,9  挂  模拟-投注  
1907280900  2[1, 7, 9, 5, 2, 0, 4]  344  6.708  m_0/1_M  z_0/0_Z  9,5,0,7,9  中  模拟-投注  
1907280900  3[3, 4, 0, 9, 8, 1, 5]  344  -4.816  m_1/1_M  z_0/0_Z  9,5,0,7,9  挂  模拟-投注  
1907280900  4[2, 0, 3, 8, 4, 9, 1]  344  6.708  m_0/1_M  z_0/0_Z  9,5,0,7,9  中  模拟-投注  

1907280901  0[9, 5, 8, 1, 2, 3, 4]  344  6.708  m_0/2_M  z_0/0_Z  4,2,6,2,2  中  真 实-投注  
1907280901  1[5, 0, 2, 3, 9, 4, 6]  5889  114.836  m_0/2_M  z_0/0_Z  4,2,6,2,2  中  模拟-投注  
1907280901  2[0, 1, 7, 9, 5, 2, 4]  344  -4.816  m_1/1_M  z_0/0_Z  4,2,6,2,2  挂  模拟-投注  
1907280901  3[7, 3, 4, 0, 9, 8, 1]  1564  -21.896  m_2/2_M  z_0/0_Z  4,2,6,2,2  挂  模拟-投注  
1907280901  4[9, 2, 0, 3, 8, 4, 1]  344  6.708  m_0/1_M  z_0/0_Z  4,2,6,2,2  中  模拟-投注  

1907280902  0[4, 9, 5, 8, 1, 2, 3]  344  6.708  m_0/2_M  z_0/0_Z  9,0,9,7,6  中  模拟-投注  
1907280902  1[2, 5, 0, 3, 9, 4, 6]  344  6.708  m_0/2_M  z_0/0_Z  9,0,9,7,6  中  真 实-投注  
1907280902  2[6, 0, 1, 7, 9, 5, 2]  1564  30.498  m_0/1_M  z_0/0_Z  9,0,9,7,6  中  模拟-投注  
1907280902  3[2, 7, 3, 4, 0, 9, 8]  5889  114.836  m_0/2_M  z_0/0_Z  9,0,9,7,6  中  模拟-投注  
1907280902  4[2, 9, 0, 3, 8, 4, 1]  344  -4.816  m_1/1_M  z_0/0_Z  9,0,9,7,6  挂  模拟-投注  

1907280903  0[9, 4, 5, 8, 1, 2, 3]  344  6.708  m_0/2_M  z_0/0_Z  3,7,0,2,5  中  模拟-投注  
1907280903  1[0, 2, 5, 3, 9, 4, 6]  344  -4.816  m_1/2_M  z_1/1_Z  3,7,0,2,5  挂  真 实-投注  
1907280903  2[9, 6, 0, 1, 7, 5, 2]  344  6.708  m_0/1_M  z_0/0_Z  3,7,0,2,5  中  模拟-投注  
1907280903  3[7, 2, 3, 4, 0, 9, 8]  344  6.708  m_0/2_M  z_0/0_Z  3,7,0,2,5  中  真 实-投注  
1907280903  4[6, 2, 9, 0, 3, 8, 4]  1564  -21.896  m_2/2_M  z_0/0_Z  3,7,0,2,5  挂  模拟-投注  

1907280904  0[3, 9, 4, 5, 8, 1, 2]  344  6.708  m_0/2_M  z_0/0_Z  5,8,1,9,7  中  模拟-投注  
1907280904  1[7, 0, 2, 5, 3, 9, 4]  1564  -21.896  m_2/2_M  z_2/2_Z  5,8,1,9,7  挂  真 实-投注  
1907280904  2[0, 9, 6, 1, 7, 5, 2]  344  6.708  m_0/1_M  z_0/0_Z  5,8,1,9,7  中  模拟-投注  
1907280904  3[2, 7, 3, 4, 0, 9, 8]  344  6.708  m_0/2_M  z_0/0_Z  5,8,1,9,7  中  真 实-投注  
1907280904  4[5, 6, 2, 9, 0, 3, 8]  5889  -82.446  m_3/3_M  z_0/0_Z  5,8,1,9,7  挂  模拟-投注  

1907280905  0[5, 3, 9, 4, 8, 1, 2]  344  -4.816  m_1/2_M  z_0/0_Z  0,4,1,4,7  挂  模拟-投注  
1907280905  1[8, 7, 0, 2, 5, 3, 9]  5889  -82.446  m_3/3_M  z_3/3_Z  0,4,1,4,7  挂  真 实-投注  
1907280905  2[1, 0, 9, 6, 7, 5, 2]  344  6.708  m_0/1_M  z_0/0_Z  0,4,1,4,7  中  模拟-投注  
1907280905  3[9, 2, 7, 3, 4, 0, 8]  344  6.708  m_0/2_M  z_0/0_Z  0,4,1,4,7  中  模拟-投注  
1907280905  4[7, 5, 6, 2, 9, 0, 3]  21223  413.849  m_0/3_M  z_0/0_Z  0,4,1,4,7  中  模拟-投注  

1907280906  0[0, 5, 3, 9, 4, 8, 1]  1564  30.498  m_0/2_M  z_0/0_Z  9,7,0,2,2  中  模拟-投注  
1907280906  1[4, 8, 7, 0, 2, 5, 3]  21223  413.849  m_0/3_M  z_0/3_Z  9,7,0,2,2  中  真 实-投注  
1907280906  2[1, 0, 9, 6, 7, 5, 2]  344  6.708  m_0/1_M  z_0/0_Z  9,7,0,2,2  中  模拟-投注  
1907280906  3[4, 9, 2, 7, 3, 0, 8]  344  6.708  m_0/2_M  z_0/0_Z  9,7,0,2,2  中  模拟-投注  
1907280906  4[7, 5, 6, 2, 9, 0, 3]  344  6.708  m_0/3_M  z_0/0_Z  9,7,0,2,2  中  真 实-投注  

1907280907  0[9, 0, 5, 3, 4, 8, 1]  344  6.708  m_0/2_M  z_0/0_Z  8,4,5,9,3  中  模拟-投注  
1907280907  1[7, 4, 8, 0, 2, 5, 3]  344  6.708  m_0/3_M  z_0/3_Z  8,4,5,9,3  中  真 实-投注  
1907280907  2[0, 1, 9, 6, 7, 5, 2]  344  6.708  m_0/1_M  z_0/0_Z  8,4,5,9,3  中  模拟-投注  
1907280907  3[2, 4, 9, 7, 3, 0, 8]  344  6.708  m_0/2_M  z_0/0_Z  8,4,5,9,3  中  模拟-投注  
1907280907  4[2, 7, 5, 6, 9, 0, 3]  344  6.708  m_0/3_M  z_0/0_Z  8,4,5,9,3  中  真 实-投注  

1907280908  0[8, 9, 0, 5, 3, 4, 1]  344  -4.816  m_1/2_M  z_0/0_Z  7,6,7,2,2  挂  模拟-投注  
1907280908  1[4, 7, 8, 0, 2, 5, 3]  344  -4.816  m_1/3_M  z_1/3_Z  7,6,7,2,2  挂  真 实-投注  
1907280908  2[5, 0, 1, 9, 6, 7, 2]  344  6.708  m_0/1_M  z_0/0_Z  7,6,7,2,2  中  模拟-投注  
1907280908  3[9, 2, 4, 7, 3, 0, 8]  344  6.708  m_0/2_M  z_0/0_Z  7,6,7,2,2  中  模拟-投注  
1907280908  4[3, 2, 7, 5, 6, 9, 0]  344  6.708  m_0/3_M  z_0/0_Z  7,6,7,2,2  中  模拟-投注  

1907280909  0[6, 7, 9, 0, 1, 5, 2]  344  6.708  m_0/0_M  z_0/0_Z  9,7,1,6,3  中  模拟-投注  
1907280909  1[8, 5, 0, 6, 9, 3, 2]  344  -4.816  m_1/1_M  z_0/0_Z  9,7,1,6,3  挂  模拟-投注  
1907280909  2[9, 4, 7, 5, 2, 3, 8]  344  -4.816  m_1/1_M  z_0/0_Z  9,7,1,6,3  挂  模拟-投注  
1907280909  3[1, 9, 6, 8, 0, 4, 3]  344  6.708  m_0/0_M  z_0/0_Z  9,7,1,6,3  中  模拟-投注  
1907280909  4[7, 5, 6, 8, 0, 3, 2]  344  6.708  m_0/0_M  z_0/0_Z  9,7,1,6,3  中  模拟-投注  

1907280910  0[9, 6, 7, 0, 1, 5, 2]  344  6.708  m_0/0_M  z_0/0_Z  2,8,1,1,5  中  模拟-投注  
1907280910  1[7, 8, 5, 0, 6, 9, 3]  1564  30.498  m_0/1_M  z_0/0_Z  2,8,1,1,5  中  模拟-投注  
1907280910  2[1, 9, 4, 7, 5, 2, 3]  1564  30.498  m_0/1_M  z_0/0_Z  2,8,1,1,5  中  模拟-投注  
1907280910  3[6, 1, 9, 8, 0, 4, 3]  344  6.708  m_0/0_M  z_0/0_Z  2,8,1,1,5  中  模拟-投注  
1907280910  4[3, 7, 5, 6, 8, 0, 2]  344  6.708  m_0/0_M  z_0/0_Z  2,8,1,1,5  中  模拟-投注  

1907280911  0[2, 9, 6, 7, 0, 1, 5]  344  6.708  m_0/0_M  z_0/0_Z  1,6,9,5,5  中  模拟-投注  
1907280911  1[8, 7, 5, 0, 6, 9, 3]  344  6.708  m_0/1_M  z_0/0_Z  1,6,9,5,5  中  模拟-投注  
1907280911  2[1, 9, 4, 7, 5, 2, 3]  344  6.708  m_0/1_M  z_0/0_Z  1,6,9,5,5  中  模拟-投注  
1907280911  3[1, 6, 9, 8, 0, 4, 3]  344  -4.816  m_1/1_M  z_0/0_Z  1,6,9,5,5  挂  模拟-投注  
1907280911  4[5, 3, 7, 6, 8, 0, 2]  344  6.708  m_0/0_M  z_0/0_Z  1,6,9,5,5  中  模拟-投注  

1907280912  0[1, 2, 9, 6, 7, 0, 5]  344  6.708  m_0/0_M  z_0/0_Z  6,8,7,4,5  中  模拟-投注  
1907280912  1[6, 8, 7, 5, 0, 9, 3]  344  6.708  m_0/1_M  z_0/0_Z  6,8,7,4,5  中  模拟-投注  
1907280912  2[9, 1, 4, 7, 5, 2, 3]  344  6.708  m_0/1_M  z_0/0_Z  6,8,7,4,5  中  模拟-投注  
1907280912  3[5, 1, 6, 9, 8, 0, 4]  1564  30.498  m_0/1_M  z_0/0_Z  6,8,7,4,5  中  模拟-投注  
1907280912  4[5, 3, 7, 6, 8, 0, 2]  344  6.708  m_0/0_M  z_0/0_Z  6,8,7,4,5  中  模拟-投注  

1907280913  0[6, 1, 2, 9, 7, 0, 5]  344  6.708  m_0/0_M  z_0/0_Z  6,5,3,0,1  中  模拟-投注  
1907280913  1[8, 6, 7, 5, 0, 9, 3]  344  6.708  m_0/1_M  z_0/0_Z  6,5,3,0,1  中  模拟-投注  
1907280913  2[7, 9, 1, 4, 5, 2, 3]  344  6.708  m_0/1_M  z_0/0_Z  6,5,3,0,1  中  模拟-投注  
1907280913  3[4, 5, 1, 6, 9, 8, 0]  344  6.708  m_0/1_M  z_0/0_Z  6,5,3,0,1  中  模拟-投注  
1907280913  4[5, 3, 7, 6, 8, 0, 2]  344  -4.816  m_1/1_M  z_0/0_Z  6,5,3,0,1  挂  模拟-投注  

1907280914  0[6, 1, 2, 9, 7, 0, 5]  344  -4.816  m_1/1_M  z_0/0_Z  3,3,3,9,1  挂  模拟-投注  
1907280914  1[5, 8, 6, 7, 0, 9, 3]  344  6.708  m_0/1_M  z_0/0_Z  3,3,3,9,1  中  模拟-投注  
1907280914  2[3, 7, 9, 1, 4, 5, 2]  344  6.708  m_0/1_M  z_0/0_Z  3,3,3,9,1  中  模拟-投注  
1907280914  3[0, 4, 5, 1, 6, 9, 8]  344  6.708  m_0/1_M  z_0/0_Z  3,3,3,9,1  中  模拟-投注  
1907280914  4[1, 5, 3, 7, 6, 8, 0]  1564  30.498  m_0/1_M  z_0/0_Z  3,3,3,9,1  中  模拟-投注  

1907280915  0[3, 6, 1, 2, 9, 7, 0]  1564  30.498  m_0/1_M  z_0/0_Z  1,1,5,5,6  中  模拟-投注  
1907280915  1[3, 5, 8, 6, 7, 0, 9]  344  -4.816  m_1/1_M  z_0/0_Z  1,1,5,5,6  挂  模拟-投注  
1907280915  2[3, 7, 9, 1, 4, 5, 2]  344  6.708  m_0/1_M  z_0/0_Z  1,1,5,5,6  中  模拟-投注  
1907280915  3[9, 0, 4, 5, 1, 6, 8]  344  6.708  m_0/1_M  z_0/0_Z  1,1,5,5,6  中  模拟-投注  
1907280915  4[1, 5, 3, 7, 6, 8, 0]  344  6.708  m_0/1_M  z_0/0_Z  1,1,5,5,6  中  模拟-投注  

1907280916  0[1, 3, 6, 2, 9, 7, 0]  344  6.708  m_0/1_M  z_0/0_Z  7,9,6,5,3  中  模拟-投注  
1907280916  1[1, 3, 5, 8, 6, 7, 0]  1564  -21.896  m_2/2_M  z_0/0_Z  7,9,6,5,3  挂  模拟-投注  
1907280916  2[5, 3, 7, 9, 1, 4, 2]  344  -4.816  m_1/1_M  z_0/0_Z  7,9,6,5,3  挂  模拟-投注  
1907280916  3[5, 9, 0, 4, 1, 6, 8]  344  6.708  m_0/1_M  z_0/0_Z  7,9,6,5,3  中  模拟-投注  
1907280916  4[6, 1, 5, 3, 7, 8, 0]  344  6.708  m_0/1_M  z_0/0_Z  7,9,6,5,3  中  模拟-投注  

1907280917  0[7, 1, 3, 6, 2, 9, 0]  344  6.708  m_0/1_M  z_0/0_Z  0,6,4,5,9  中  模拟-投注  
1907280917  1[9, 1, 3, 5, 8, 6, 7]  5889  114.836  m_0/2_M  z_0/0_Z  0,6,4,5,9  中  模拟-投注  
1907280917  2[6, 5, 3, 7, 9, 1, 4]  1564  30.498  m_0/1_M  z_0/0_Z  0,6,4,5,9  中  模拟-投注  
1907280917  3[5, 9, 0, 4, 1, 6, 8]  344  6.708  m_0/1_M  z_0/0_Z  0,6,4,5,9  中  模拟-投注  
1907280917  4[3, 6, 1, 5, 7, 8, 0]  344  -4.816  m_1/1_M  z_0/0_Z  0,6,4,5,9  挂  模拟-投注  

1907280918  0[0, 7, 1, 3, 6, 2, 9]  344  -4.816  m_1/1_M  z_0/0_Z  4,7,3,8,3  挂  模拟-投注  
1907280918  1[6, 9, 1, 3, 5, 8, 7]  344  6.708  m_0/2_M  z_0/0_Z  4,7,3,8,3  中  真 实-投注  
1907280918  2[4, 6, 5, 3, 7, 9, 1]  344  6.708  m_0/1_M  z_0/0_Z  4,7,3,8,3  中  模拟-投注  
1907280918  3[5, 9, 0, 4, 1, 6, 8]  344  6.708  m_0/1_M  z_0/0_Z  4,7,3,8,3  中  模拟-投注  
1907280918  4[9, 3, 6, 1, 5, 7, 8]  1564  30.498  m_0/1_M  z_0/0_Z  4,7,3,8,3  中  模拟-投注  

1907280919  0[4, 0, 7, 1, 3, 6, 2]  1564  30.498  m_0/1_M  z_0/0_Z  6,2,2,0,7  中  模拟-投注  
1907280919  1[7, 6, 9, 1, 3, 5, 8]  344  -4.816  m_1/2_M  z_1/1_Z  6,2,2,0,7  挂  真 实-投注  
1907280919  2[3, 4, 6, 5, 7, 9, 1]  344  -4.816  m_1/1_M  z_0/0_Z  6,2,2,0,7  挂  模拟-投注  
1907280919  3[8, 5, 9, 0, 4, 1, 6]  344  6.708  m_0/1_M  z_0/0_Z  6,2,2,0,7  中  模拟-投注  
1907280919  4[3, 9, 6, 1, 5, 7, 8]  344  6.708  m_0/1_M  z_0/0_Z  6,2,2,0,7  中  模拟-投注  

1907280920  0[6, 4, 0, 7, 1, 3, 2]  344  6.708  m_0/1_M  z_0/0_Z  1,7,8,9,2  中  模拟-投注  
1907280920  1[2, 7, 6, 9, 1, 3, 5]  1564  30.498  m_0/2_M  z_0/1_Z  1,7,8,9,2  中  真 实-投注  
1907280920  2[2, 3, 4, 6, 5, 7, 9]  1564  -21.896  m_2/2_M  z_0/0_Z  1,7,8,9,2  挂  模拟-投注  
1907280920  3[0, 8, 5, 9, 4, 1, 6]  344  6.708  m_0/1_M  z_0/0_Z  1,7,8,9,2  中  模拟-投注  
1907280920  4[7, 3, 9, 6, 1, 5, 8]  344  -4.816  m_1/1_M  z_0/0_Z  1,7,8,9,2  挂  模拟-投注  

1907280921  0[1, 6, 4, 0, 7, 3, 2]  344  -4.816  m_1/1_M  z_0/0_Z  5,2,2,8,7  挂  模拟-投注  
1907280921  1[7, 2, 6, 9, 1, 3, 5]  344  6.708  m_0/2_M  z_0/1_Z  5,2,2,8,7  中  模拟-投注  
1907280921  2[8, 2, 3, 4, 6, 5, 7]  5889  114.836  m_0/2_M  z_0/0_Z  5,2,2,8,7  中  模拟-投注  
1907280921  3[9, 0, 8, 5, 4, 1, 6]  344  6.708  m_0/1_M  z_0/0_Z  5,2,2,8,7  中  模拟-投注  
1907280921  4[2, 7, 3, 9, 6, 1, 5]  1564  30.498  m_0/1_M  z_0/0_Z  5,2,2,8,7  中  模拟-投注  

1907280922  0[5, 1, 6, 4, 0, 7, 3]  1564  30.498  m_0/1_M  z_0/0_Z  5,8,7,7,3  中  模拟-投注  
1907280922  1[2, 7, 6, 9, 1, 3, 5]  344  -4.816  m_1/2_M  z_0/1_Z  5,8,7,7,3  挂  模拟-投注  
1907280922  2[2, 8, 3, 4, 6, 5, 7]  344  6.708  m_0/2_M  z_0/0_Z  5,8,7,7,3  中  真 实-投注  
1907280922  3[8, 9, 0, 5, 4, 1, 6]  344  -4.816  m_1/1_M  z_0/0_Z  5,8,7,7,3  挂  模拟-投注  
1907280922  4[7, 2, 3, 9, 6, 1, 5]  344  6.708  m_0/1_M  z_0/0_Z  5,8,7,7,3  中  模拟-投注  

1907280923  0[5, 1, 6, 4, 0, 7, 3]  344  6.708  m_0/1_M  z_0/0_Z  7,8,5,8,9  中  模拟-投注  
1907280923  1[8, 2, 7, 6, 9, 1, 3]  1564  30.498  m_0/2_M  z_0/1_Z  7,8,5,8,9  中  模拟-投注  
1907280923  2[7, 2, 8, 3, 4, 6, 5]  344  6.708  m_0/2_M  z_0/0_Z  7,8,5,8,9  中  真 实-投注  
1907280923  3[7, 8, 9, 0, 5, 4, 1]  1564  30.498  m_0/1_M  z_0/0_Z  7,8,5,8,9  中  模拟-投注  
1907280923  4[3, 7, 2, 9, 6, 1, 5]  344  6.708  m_0/1_M  z_0/0_Z  7,8,5,8,9  中  模拟-投注  

1907280924  0[7, 5, 1, 6, 4, 0, 3]  344  -4.816  m_1/1_M  z_0/0_Z  2,7,5,5,1  挂  模拟-投注  
1907280924  1[8, 2, 7, 6, 9, 1, 3]  344  6.708  m_0/2_M  z_0/1_Z  2,7,5,5,1  中  模拟-投注  
1907280924  2[5, 7, 2, 8, 3, 4, 6]  344  6.708  m_0/2_M  z_0/0_Z  2,7,5,5,1  中  模拟-投注  
1907280924  3[8, 7, 9, 0, 5, 4, 1]  344  6.708  m_0/1_M  z_0/0_Z  2,7,5,5,1  中  模拟-投注  
1907280924  4[9, 3, 7, 2, 6, 1, 5]  344  6.708  m_0/1_M  z_0/0_Z  2,7,5,5,1  中  模拟-投注  

1907280925  0[2, 7, 5, 1, 6, 4, 0]  1564  30.498  m_0/1_M  z_0/0_Z  6,7,6,5,2  中  模拟-投注  
1907280925  1[7, 8, 2, 6, 9, 1, 3]  344  6.708  m_0/2_M  z_0/1_Z  6,7,6,5,2  中  模拟-投注  
1907280925  2[5, 7, 2, 8, 3, 4, 6]  344  6.708  m_0/2_M  z_0/0_Z  6,7,6,5,2  中  模拟-投注  
1907280925  3[5, 8, 7, 9, 0, 4, 1]  344  6.708  m_0/1_M  z_0/0_Z  6,7,6,5,2  中  模拟-投注  
1907280925  4[1, 9, 3, 7, 2, 6, 5]  344  6.708  m_0/1_M  z_0/0_Z  6,7,6,5,2  中  模拟-投注  

1907280926  0[6, 2, 7, 5, 1, 4, 0]  344  6.708  m_0/1_M  z_0/0_Z  5,0,1,3,8  中  模拟-投注  
1907280926  1[7, 8, 2, 6, 9, 1, 3]  344  -4.816  m_1/2_M  z_0/1_Z  5,0,1,3,8  挂  模拟-投注  
1907280926  2[6, 5, 7, 2, 8, 3, 4]  344  -4.816  m_1/2_M  z_0/0_Z  5,0,1,3,8  挂  模拟-投注  
1907280926  3[5, 8, 7, 9, 0, 4, 1]  344  -4.816  m_1/1_M  z_0/0_Z  5,0,1,3,8  挂  模拟-投注  
1907280926  4[2, 1, 9, 3, 7, 6, 5]  344  -4.816  m_1/1_M  z_0/0_Z  5,0,1,3,8  挂  模拟-投注  

1907280927  0[5, 6, 2, 7, 1, 4, 0]  344  -4.816  m_1/1_M  z_0/0_Z  8,2,8,1,0  挂  模拟-投注  
1907280927  1[0, 7, 8, 2, 6, 9, 1]  1564  30.498  m_0/2_M  z_0/1_Z  8,2,8,1,0  中  模拟-投注  
1907280927  2[1, 6, 5, 7, 2, 8, 3]  1564  30.498  m_0/2_M  z_0/0_Z  8,2,8,1,0  中  模拟-投注  
1907280927  3[3, 5, 8, 7, 9, 0, 4]  1564  -21.896  m_2/2_M  z_0/0_Z  8,2,8,1,0  挂  模拟-投注  
1907280927  4[8, 2, 1, 9, 3, 7, 6]  1564  -21.896  m_2/2_M  z_0/0_Z  8,2,8,1,0  挂  模拟-投注  

1907280930  0[9, 2, 1, 6, 3, 7, 0]  344  6.708  m_0/0_M  z_0/0_Z  6,3,1,3,6  中  模拟-投注  
1907280930  1[7, 8, 6, 5, 3, 1, 9]  344  6.708  m_0/0_M  z_0/0_Z  6,3,1,3,6  中  模拟-投注  
1907280930  2[1, 9, 7, 3, 5, 6, 4]  344  6.708  m_0/0_M  z_0/0_Z  6,3,1,3,6  中  模拟-投注  
1907280930  3[6, 1, 5, 4, 0, 9, 8]  344  -4.816  m_1/1_M  z_0/0_Z  6,3,1,3,6  挂  模拟-投注  
1907280930  4[3, 5, 1, 6, 9, 7, 2]  344  6.708  m_0/0_M  z_0/0_Z  6,3,1,3,6  中  模拟-投注  

1907280931  0[6, 9, 2, 1, 3, 7, 0]  344  6.708  m_0/0_M  z_0/0_Z  9,8,7,7,5  中  模拟-投注  
1907280931  1[3, 7, 8, 6, 5, 1, 9]  344  6.708  m_0/0_M  z_0/0_Z  9,8,7,7,5  中  模拟-投注  
1907280931  2[1, 9, 7, 3, 5, 6, 4]  344  6.708  m_0/0_M  z_0/0_Z  9,8,7,7,5  中  模拟-投注  
1907280931  3[3, 6, 1, 5, 4, 0, 9]  1564  -21.896  m_2/2_M  z_0/0_Z  9,8,7,7,5  挂  模拟-投注  
1907280931  4[6, 3, 5, 1, 9, 7, 2]  344  6.708  m_0/0_M  z_0/0_Z  9,8,7,7,5  中  模拟-投注  

1907280932  0[9, 6, 2, 1, 3, 7, 0]  344  6.708  m_0/0_M  z_0/0_Z  0,0,4,2,1  中  模拟-投注  
1907280932  1[8, 3, 7, 6, 5, 1, 9]  344  -4.816  m_1/1_M  z_0/0_Z  0,0,4,2,1  挂  模拟-投注  
1907280932  2[7, 1, 9, 3, 5, 6, 4]  344  6.708  m_0/0_M  z_0/0_Z  0,0,4,2,1  中  模拟-投注  
1907280932  3[7, 3, 6, 1, 5, 4, 0]  5889  -82.446  m_3/3_M  z_0/0_Z  0,0,4,2,1  挂  模拟-投注  
1907280932  4[5, 6, 3, 1, 9, 7, 2]  344  6.708  m_0/0_M  z_0/0_Z  0,0,4,2,1  中  模拟-投注  

1907280933  0[0, 9, 6, 2, 1, 3, 7]  344  6.708  m_0/0_M  z_0/0_Z  3,2,8,4,0  中  模拟-投注  
1907280933  1[0, 8, 3, 7, 6, 5, 1]  1564  -21.896  m_2/2_M  z_0/0_Z  3,2,8,4,0  挂  模拟-投注  
1907280933  2[4, 7, 1, 9, 3, 5, 6]  344  -4.816  m_1/1_M  z_0/0_Z  3,2,8,4,0  挂  模拟-投注  
1907280933  3[2, 7, 3, 6, 1, 5, 4]  21223  413.849  m_0/3_M  z_0/0_Z  3,2,8,4,0  中  模拟-投注  
1907280933  4[1, 5, 6, 3, 9, 7, 2]  344  -4.816  m_1/1_M  z_0/0_Z  3,2,8,4,0  挂  模拟-投注  

1907280934  0[3, 0, 9, 6, 2, 1, 7]  344  6.708  m_0/0_M  z_0/0_Z  6,3,2,7,6  中  模拟-投注  
1907280934  1[2, 0, 8, 3, 7, 6, 5]  5889  114.836  m_0/2_M  z_0/0_Z  6,3,2,7,6  中  模拟-投注  
1907280934  2[8, 4, 7, 1, 9, 3, 5]  1564  -21.896  m_2/2_M  z_0/0_Z  6,3,2,7,6  挂  模拟-投注  
1907280934  3[4, 2, 7, 3, 6, 1, 5]  344  6.708  m_0/3_M  z_0/0_Z  6,3,2,7,6  中  真 实-投注  
1907280934  4[0, 1, 5, 6, 3, 9, 7]  1564  30.498  m_0/1_M  z_0/0_Z  6,3,2,7,6  中  模拟-投注  

1907280935  0[6, 3, 0, 9, 2, 1, 7]  344  -4.816  m_1/1_M  z_0/0_Z  5,0,9,1,7  挂  模拟-投注  
1907280935  1[3, 2, 0, 8, 7, 6, 5]  344  6.708  m_0/2_M  z_0/0_Z  5,0,9,1,7  中  真 实-投注  
1907280935  2[2, 8, 4, 7, 1, 9, 3]  5889  114.836  m_0/2_M  z_0/0_Z  5,0,9,1,7  中  模拟-投注  
1907280935  3[7, 4, 2, 3, 6, 1, 5]  344  6.708  m_0/3_M  z_0/0_Z  5,0,9,1,7  中  真 实-投注  
1907280935  4[6, 0, 1, 5, 3, 9, 7]  344  6.708  m_0/1_M  z_0/0_Z  5,0,9,1,7  中  模拟-投注  

1907280936  0[5, 6, 3, 0, 9, 2, 1]  1564  30.498  m_0/1_M  z_0/0_Z  5,2,8,1,4  中  模拟-投注  
1907280936  1[0, 3, 2, 8, 7, 6, 5]  344  6.708  m_0/2_M  z_0/0_Z  5,2,8,1,4  中  真 实-投注  
1907280936  2[9, 2, 8, 4, 7, 1, 3]  344  6.708  m_0/2_M  z_0/0_Z  5,2,8,1,4  中  真 实-投注  
1907280936  3[1, 7, 4, 2, 3, 6, 5]  344  6.708  m_0/3_M  z_0/0_Z  5,2,8,1,4  中  模拟-投注  
1907280936  4[7, 6, 0, 1, 5, 3, 9]  344  -4.816  m_1/1_M  z_0/0_Z  5,2,8,1,4  挂  模拟-投注  

1907280937  0[7, 0, 4, 6, 1, 5, 2]  344  6.708  m_0/0_M  z_0/0_Z  0,2,6,5,3  中  模拟-投注  
1907280937  1[9, 6, 7, 2, 8, 0, 5]  344  6.708  m_0/0_M  z_0/0_Z  0,2,6,5,3  中  模拟-投注  
1907280937  2[6, 4, 3, 2, 8, 7, 5]  344  6.708  m_0/0_M  z_0/0_Z  0,2,6,5,3  中  模拟-投注  
1907280937  3[5, 8, 0, 9, 7, 3, 1]  344  6.708  m_0/0_M  z_0/0_Z  0,2,6,5,3  中  模拟-投注  
1907280937  4[3, 9, 7, 2, 1, 8, 0]  344  6.708  m_0/0_M  z_0/0_Z  0,2,6,5,3  中  模拟-投注  

1907280938  0[0, 7, 4, 6, 1, 5, 2]  344  6.708  m_0/0_M  z_0/0_Z  2,4,3,7,1  中  模拟-投注  
1907280938  1[2, 9, 6, 7, 8, 0, 5]  344  -4.816  m_1/1_M  z_0/0_Z  2,4,3,7,1  挂  模拟-投注  
1907280938  2[6, 4, 3, 2, 8, 7, 5]  344  6.708  m_0/0_M  z_0/0_Z  2,4,3,7,1  中  模拟-投注  
1907280938  3[5, 8, 0, 9, 7, 3, 1]  344  6.708  m_0/0_M  z_0/0_Z  2,4,3,7,1  中  模拟-投注  
1907280938  4[3, 9, 7, 2, 1, 8, 0]  344  6.708  m_0/0_M  z_0/0_Z  2,4,3,7,1  中  模拟-投注  

1907280939  0[2, 0, 7, 4, 6, 1, 5]  344  -4.816  m_1/1_M  z_0/0_Z  3,4,4,8,9  挂  模拟-投注  
1907280939  1[4, 2, 9, 6, 7, 8, 0]  1564  30.498  m_0/1_M  z_0/0_Z  3,4,4,8,9  中  模拟-投注  
1907280939  2[3, 6, 4, 2, 8, 7, 5]  344  6.708  m_0/0_M  z_0/0_Z  3,4,4,8,9  中  模拟-投注  
1907280939  3[7, 5, 8, 0, 9, 3, 1]  344  6.708  m_0/0_M  z_0/0_Z  3,4,4,8,9  中  模拟-投注  
1907280939  4[1, 3, 9, 7, 2, 8, 0]  344  6.708  m_0/0_M  z_0/0_Z  3,4,4,8,9  中  模拟-投注  

1907280940  0[3, 2, 0, 7, 4, 6, 1]  1564  30.498  m_0/1_M  z_0/0_Z  2,9,9,6,9  中  模拟-投注  
1907280940  1[4, 2, 9, 6, 7, 8, 0]  344  6.708  m_0/1_M  z_0/0_Z  2,9,9,6,9  中  模拟-投注  
1907280940  2[4, 3, 6, 2, 8, 7, 5]  344  -4.816  m_1/1_M  z_0/0_Z  2,9,9,6,9  挂  模拟-投注  
1907280940  3[8, 7, 5, 0, 9, 3, 1]  344  -4.816  m_1/1_M  z_0/0_Z  2,9,9,6,9  挂  模拟-投注  
1907280940  4[9, 1, 3, 7, 2, 8, 0]  344  6.708  m_0/0_M  z_0/0_Z  2,9,9,6,9  中  模拟-投注  

1907280941  0[2, 3, 0, 7, 4, 6, 1]  344  6.708  m_0/1_M  z_0/0_Z  7,9,1,9,4  中  模拟-投注  
1907280941  1[9, 4, 2, 6, 7, 8, 0]  344  6.708  m_0/1_M  z_0/0_Z  7,9,1,9,4  中  模拟-投注  
1907280941  2[9, 4, 3, 6, 2, 8, 7]  1564  -21.896  m_2/2_M  z_0/0_Z  7,9,1,9,4  挂  模拟-投注  
1907280941  3[6, 8, 7, 5, 0, 9, 3]  1564  30.498  m_0/1_M  z_0/0_Z  7,9,1,9,4  中  模拟-投注  
1907280941  4[9, 1, 3, 7, 2, 8, 0]  344  -4.816  m_1/1_M  z_0/0_Z  7,9,1,9,4  挂  模拟-投注  

1907280942  0[7, 2, 3, 0, 4, 6, 1]  344  6.708  m_0/1_M  z_0/0_Z  6,2,4,4,8  中  模拟-投注  
1907280942  1[9, 4, 2, 6, 7, 8, 0]  344  6.708  m_0/1_M  z_0/0_Z  6,2,4,4,8  中  模拟-投注  
1907280942  2[1, 9, 4, 3, 6, 2, 8]  5889  114.836  m_0/2_M  z_0/0_Z  6,2,4,4,8  中  模拟-投注  
1907280942  3[9, 6, 8, 7, 5, 0, 3]  344  -4.816  m_1/1_M  z_0/0_Z  6,2,4,4,8  挂  模拟-投注  
1907280942  4[4, 9, 1, 3, 7, 2, 8]  1564  30.498  m_0/1_M  z_0/0_Z  6,2,4,4,8  中  模拟-投注  

1907280943  0[6, 7, 2, 3, 0, 4, 1]  344  6.708  m_0/1_M  z_0/0_Z  7,8,3,3,0  中  模拟-投注  
1907280943  1[2, 9, 4, 6, 7, 8, 0]  344  6.708  m_0/1_M  z_0/0_Z  7,8,3,3,0  中  模拟-投注  
1907280943  2[4, 1, 9, 3, 6, 2, 8]  344  6.708  m_0/2_M  z_0/0_Z  7,8,3,3,0  中  真 实-投注  
1907280943  3[4, 9, 6, 8, 7, 5, 0]  1564  -21.896  m_2/2_M  z_0/0_Z  7,8,3,3,0  挂  模拟-投注  
1907280943  4[8, 4, 9, 1, 3, 7, 2]  344  -4.816  m_1/1_M  z_0/0_Z  7,8,3,3,0  挂  模拟-投注  

1907280944  0[7, 6, 2, 3, 0, 4, 1]  344  6.708  m_0/1_M  z_0/0_Z  6,2,5,0,3  中  模拟-投注  
1907280944  1[8, 2, 9, 4, 6, 7, 0]  344  6.708  m_0/1_M  z_0/0_Z  6,2,5,0,3  中  模拟-投注  
1907280944  2[3, 4, 1, 9, 6, 2, 8]  344  -4.816  m_1/2_M  z_1/1_Z  6,2,5,0,3  挂  真 实-投注  
1907280944  3[3, 4, 9, 6, 8, 7, 5]  5889  -82.446  m_3/3_M  z_0/0_Z  6,2,5,0,3  挂  模拟-投注  
1907280944  4[0, 8, 4, 9, 1, 3, 7]  1564  30.498  m_0/1_M  z_0/0_Z  6,2,5,0,3  中  模拟-投注  

1907280945  0[6, 7, 2, 3, 0, 4, 1]  344  6.708  m_0/1_M  z_0/0_Z  4,5,5,9,6  中  模拟-投注  
1907280945  1[2, 8, 9, 4, 6, 7, 0]  344  -4.816  m_1/1_M  z_0/0_Z  4,5,5,9,6  挂  模拟-投注  
1907280945  2[5, 3, 4, 1, 9, 6, 2]  1564  30.498  m_0/2_M  z_0/1_Z  4,5,5,9,6  中  真 实-投注  
1907280945  3[0, 3, 4, 9, 6, 8, 7]  21223  413.849  m_0/3_M  z_0/0_Z  4,5,5,9,6  中  模拟-投注  
1907280945  4[3, 0, 8, 4, 9, 1, 7]  344  -4.816  m_1/1_M  z_0/0_Z  4,5,5,9,6  挂  模拟-投注  

1907280946  0[4, 6, 7, 2, 3, 0, 1]  344  6.708  m_0/1_M  z_0/0_Z  7,7,2,2,8  中  模拟-投注  
1907280946  1[5, 2, 8, 9, 4, 6, 7]  1564  30.498  m_0/1_M  z_0/0_Z  7,7,2,2,8  中  模拟-投注  
1907280946  2[5, 3, 4, 1, 9, 6, 2]  344  6.708  m_0/2_M  z_0/1_Z  7,7,2,2,8  中  模拟-投注  
1907280946  3[9, 0, 3, 4, 6, 8, 7]  344  -4.816  m_1/3_M  z_1/1_Z  7,7,2,2,8  挂  真 实-投注  
1907280946  4[6, 3, 0, 8, 4, 9, 1]  1564  30.498  m_0/1_M  z_0/0_Z  7,7,2,2,8  中  模拟-投注  

1907280947  0[7, 4, 6, 2, 3, 0, 1]  344  6.708  m_0/1_M  z_0/0_Z  3,8,9,3,0  中  模拟-投注  
1907280947  1[7, 5, 2, 8, 9, 4, 6]  344  6.708  m_0/1_M  z_0/0_Z  3,8,9,3,0  中  模拟-投注  
1907280947  2[2, 5, 3, 4, 1, 9, 6]  344  6.708  m_0/2_M  z_0/1_Z  3,8,9,3,0  中  模拟-投注  
1907280947  3[2, 9, 0, 3, 4, 6, 8]  1564  30.498  m_0/3_M  z_0/1_Z  3,8,9,3,0  中  真 实-投注  
1907280947  4[8, 6, 3, 0, 4, 9, 1]  344  6.708  m_0/1_M  z_0/0_Z  3,8,9,3,0  中  模拟-投注  

1907280948  0[3, 7, 4, 6, 2, 0, 1]  344  6.708  m_0/1_M  z_0/0_Z  4,7,2,9,6  中  模拟-投注  
1907280948  1[8, 7, 5, 2, 9, 4, 6]  344  6.708  m_0/1_M  z_0/0_Z  4,7,2,9,6  中  模拟-投注  
1907280948  2[9, 2, 5, 3, 4, 1, 6]  344  6.708  m_0/2_M  z_0/1_Z  4,7,2,9,6  中  模拟-投注  
1907280948  3[3, 2, 9, 0, 4, 6, 8]  344  6.708  m_0/3_M  z_0/1_Z  4,7,2,9,6  中  模拟-投注  
1907280948  4[0, 8, 6, 3, 4, 9, 1]  344  6.708  m_0/1_M  z_0/0_Z  4,7,2,9,6  中  模拟-投注  

1907280949  0[4, 3, 7, 6, 2, 0, 1]  344  -4.816  m_1/1_M  z_0/0_Z  9,8,9,5,6  挂  模拟-投注  
1907280949  1[7, 8, 5, 2, 9, 4, 6]  344  6.708  m_0/1_M  z_0/0_Z  9,8,9,5,6  中  模拟-投注  
1907280949  2[2, 9, 5, 3, 4, 1, 6]  344  6.708  m_0/2_M  z_0/1_Z  9,8,9,5,6  中  模拟-投注  
1907280949  3[9, 3, 2, 0, 4, 6, 8]  344  -4.816  m_1/3_M  z_0/1_Z  9,8,9,5,6  挂  模拟-投注  
1907280949  4[6, 0, 8, 3, 4, 9, 1]  344  6.708  m_0/1_M  z_0/0_Z  9,8,9,5,6  中  模拟-投注  

1907280950  0[9, 4, 3, 7, 6, 2, 0]  1564  30.498  m_0/1_M  z_0/0_Z  4,6,3,5,9  中  模拟-投注  
1907280950  1[8, 7, 5, 2, 9, 4, 6]  344  6.708  m_0/1_M  z_0/0_Z  4,6,3,5,9  中  模拟-投注  
1907280950  2[9, 2, 5, 3, 4, 1, 6]  344  6.708  m_0/2_M  z_0/1_Z  4,6,3,5,9  中  模拟-投注  
1907280950  3[5, 9, 3, 2, 0, 4, 6]  1564  30.498  m_0/3_M  z_0/1_Z  4,6,3,5,9  中  模拟-投注  
1907280950  4[6, 0, 8, 3, 4, 9, 1]  344  6.708  m_0/1_M  z_0/0_Z  4,6,3,5,9  中  模拟-投注  

1907280951  0[4, 9, 3, 7, 6, 2, 0]  344  6.708  m_0/1_M  z_0/0_Z  4,4,7,1,4  中  模拟-投注  
1907280951  1[6, 8, 7, 5, 2, 9, 4]  344  6.708  m_0/1_M  z_0/0_Z  4,4,7,1,4  中  模拟-投注  
1907280951  2[3, 9, 2, 5, 4, 1, 6]  344  -4.816  m_1/2_M  z_0/1_Z  4,4,7,1,4  挂  模拟-投注  
1907280951  3[5, 9, 3, 2, 0, 4, 6]  344  -4.816  m_1/3_M  z_0/1_Z  4,4,7,1,4  挂  模拟-投注  
1907280951  4[9, 6, 0, 8, 3, 4, 1]  344  6.708  m_0/1_M  z_0/0_Z  4,4,7,1,4  中  模拟-投注  

1907280952  0[4, 9, 3, 7, 6, 2, 0]  344  6.708  m_0/1_M  z_0/0_Z  6,2,8,2,6  中  模拟-投注  
1907280952  1[4, 6, 8, 7, 5, 2, 9]  344  6.708  m_0/1_M  z_0/0_Z  6,2,8,2,6  中  模拟-投注  
1907280952  2[7, 3, 9, 2, 5, 4, 1]  1564  -21.896  m_2/2_M  z_0/1_Z  6,2,8,2,6  挂  模拟-投注  
1907280952  3[1, 5, 9, 3, 2, 0, 4]  1564  30.498  m_0/3_M  z_0/1_Z  6,2,8,2,6  中  模拟-投注  
1907280952  4[4, 9, 6, 0, 8, 3, 1]  344  6.708  m_0/1_M  z_0/0_Z  6,2,8,2,6  中  模拟-投注  

1907280953  0[6, 4, 9, 3, 7, 2, 0]  344  -4.816  m_1/1_M  z_0/0_Z  5,4,3,2,9  挂  模拟-投注  
1907280953  1[2, 4, 6, 8, 7, 5, 9]  344  6.708  m_0/1_M  z_0/0_Z  5,4,3,2,9  中  模拟-投注  
1907280953  2[8, 7, 3, 9, 2, 5, 4]  5889  114.836  m_0/2_M  z_0/1_Z  5,4,3,2,9  中  模拟-投注  
1907280953  3[2, 1, 5, 9, 3, 0, 4]  344  6.708  m_0/3_M  z_0/1_Z  5,4,3,2,9  中  模拟-投注  
1907280953  4[6, 4, 9, 0, 8, 3, 1]  344  6.708  m_0/1_M  z_0/0_Z  5,4,3,2,9  中  模拟-投注  

1907280954  0[5, 6, 4, 9, 3, 7, 2]  1564  30.498  m_0/1_M  z_0/0_Z  9,4,3,0,0  中  模拟-投注  
1907280954  1[4, 2, 6, 8, 7, 5, 9]  344  6.708  m_0/1_M  z_0/0_Z  9,4,3,0,0  中  模拟-投注  
1907280954  2[3, 8, 7, 9, 2, 5, 4]  344  6.708  m_0/2_M  z_0/1_Z  9,4,3,0,0  中  真 实-投注  
1907280954  3[2, 1, 5, 9, 3, 0, 4]  344  6.708  m_0/3_M  z_0/1_Z  9,4,3,0,0  中  模拟-投注  
1907280954  4[9, 6, 4, 0, 8, 3, 1]  344  6.708  m_0/1_M  z_0/0_Z  9,4,3,0,0  中  模拟-投注  

1907280955  0[9, 5, 6, 4, 3, 7, 2]  344  6.708  m_0/1_M  z_0/0_Z  4,1,3,0,5  中  模拟-投注  
1907280955  1[4, 2, 6, 8, 7, 5, 9]  344  -4.816  m_1/1_M  z_0/0_Z  4,1,3,0,5  挂  模拟-投注  
1907280955  2[3, 8, 7, 9, 2, 5, 4]  344  6.708  m_0/2_M  z_0/1_Z  4,1,3,0,5  中  真 实-投注  
1907280955  3[0, 2, 1, 5, 9, 3, 4]  344  6.708  m_0/3_M  z_0/1_Z  4,1,3,0,5  中  模拟-投注  
1907280955  4[0, 9, 6, 4, 8, 3, 1]  344  -4.816  m_1/1_M  z_0/0_Z  4,1,3,0,5  挂  模拟-投注  

1907280956  0[4, 9, 5, 6, 3, 7, 2]  344  6.708  m_0/1_M  z_0/0_Z  9,9,7,4,8  中  模拟-投注  
1907280956  1[1, 4, 2, 6, 8, 7, 5]  1564  -21.896  m_2/2_M  z_0/0_Z  9,9,7,4,8  挂  模拟-投注  
1907280956  2[3, 8, 7, 9, 2, 5, 4]  344  6.708  m_0/2_M  z_0/1_Z  9,9,7,4,8  中  模拟-投注  
1907280956  3[0, 2, 1, 5, 9, 3, 4]  344  6.708  m_0/3_M  z_0/1_Z  9,9,7,4,8  中  模拟-投注  
1907280956  4[5, 0, 9, 6, 4, 8, 3]  1564  30.498  m_0/1_M  z_0/0_Z  9,9,7,4,8  中  模拟-投注  

1907280957  0[9, 4, 5, 6, 3, 7, 2]  344  -4.816  m_1/1_M  z_0/0_Z  0,2,2,5,9  挂  模拟-投注  
1907280957  1[9, 1, 4, 2, 6, 8, 7]  5889  114.836  m_0/2_M  z_0/0_Z  0,2,2,5,9  中  模拟-投注  
1907280957  2[7, 3, 8, 9, 2, 5, 4]  344  6.708  m_0/2_M  z_0/1_Z  0,2,2,5,9  中  模拟-投注  
1907280957  3[4, 0, 2, 1, 5, 9, 3]  344  6.708  m_0/3_M  z_0/1_Z  0,2,2,5,9  中  模拟-投注  
1907280957  4[8, 5, 0, 9, 6, 4, 3]  344  6.708  m_0/1_M  z_0/0_Z  0,2,2,5,9  中  模拟-投注  

1907280958  0[0, 9, 4, 5, 6, 3, 7]  1564  30.498  m_0/1_M  z_0/0_Z  6,1,4,5,0  中  模拟-投注  
1907280958  1[2, 9, 1, 4, 6, 8, 7]  344  6.708  m_0/2_M  z_0/0_Z  6,1,4,5,0  中  真 实-投注  
1907280958  2[2, 7, 3, 8, 9, 5, 4]  344  6.708  m_0/2_M  z_0/1_Z  6,1,4,5,0  中  模拟-投注  
1907280958  3[5, 4, 0, 2, 1, 9, 3]  344  6.708  m_0/3_M  z_0/1_Z  6,1,4,5,0  中  模拟-投注  
1907280958  4[9, 8, 5, 0, 6, 4, 3]  344  6.708  m_0/1_M  z_0/0_Z  6,1,4,5,0  中  模拟-投注  

1907280959  0[6, 0, 9, 4, 5, 3, 7]  344  6.708  m_0/1_M  z_0/0_Z  3,3,1,6,0  中  模拟-投注  
1907280959  1[1, 2, 9, 4, 6, 8, 7]  344  -4.816  m_1/2_M  z_1/1_Z  3,3,1,6,0  挂  真 实-投注  
1907280959  2[4, 2, 7, 3, 8, 9, 5]  344  -4.816  m_1/2_M  z_0/1_Z  3,3,1,6,0  挂  模拟-投注  
1907280959  3[5, 4, 0, 2, 1, 9, 3]  344  -4.816  m_1/3_M  z_0/1_Z  3,3,1,6,0  挂  模拟-投注  
1907280959  4[0, 9, 8, 5, 6, 4, 3]  344  6.708  m_0/1_M  z_0/0_Z  3,3,1,6,0  中  模拟-投注  

1907280960  0[3, 6, 0, 9, 4, 5, 7]  344  6.708  m_0/1_M  z_0/0_Z  9,5,1,7,2  中  模拟-投注  
1907280960  1[3, 1, 2, 9, 4, 6, 8]  1564  -21.896  m_2/2_M  z_2/2_Z  9,5,1,7,2  挂  真 实-投注  
1907280960  2[1, 4, 2, 7, 3, 8, 9]  1564  30.498  m_0/2_M  z_0/1_Z  9,5,1,7,2  中  模拟-投注  
1907280960  3[6, 5, 4, 0, 2, 1, 9]  1564  -21.896  m_2/3_M  z_0/1_Z  9,5,1,7,2  挂  模拟-投注  
1907280960  4[0, 9, 8, 5, 6, 4, 3]  344  -4.816  m_1/1_M  z_0/0_Z  9,5,1,7,2  挂  模拟-投注  

1907280961  0[9, 3, 6, 0, 4, 5, 7]  344  6.708  m_0/1_M  z_0/0_Z  7,9,0,7,0  中  模拟-投注  
1907280961  1[5, 3, 1, 2, 9, 4, 6]  5889  114.836  m_0/2_M  z_0/2_Z  7,9,0,7,0  中  真 实-投注  
1907280961  2[1, 4, 2, 7, 3, 8, 9]  344  -4.816  m_1/2_M  z_0/1_Z  7,9,0,7,0  挂  模拟-投注  
1907280961  3[7, 6, 5, 4, 0, 2, 1]  5889  114.836  m_0/3_M  z_0/1_Z  7,9,0,7,0  中  模拟-投注  
1907280961  4[2, 0, 9, 8, 5, 6, 4]  1564  30.498  m_0/1_M  z_0/0_Z  7,9,0,7,0  中  模拟-投注  

1907280962  0[7, 9, 3, 6, 0, 4, 5]  344  6.708  m_0/1_M  z_0/0_Z  7,0,9,2,7  中  模拟-投注  
1907280962  1[9, 5, 3, 1, 2, 4, 6]  344  -4.816  m_1/2_M  z_1/2_Z  7,0,9,2,7  挂  真 实-投注  
1907280962  2[0, 1, 4, 2, 7, 3, 8]  1564  -21.896  m_2/2_M  z_0/1_Z  7,0,9,2,7  挂  模拟-投注  
1907280962  3[7, 6, 5, 4, 0, 2, 1]  344  6.708  m_0/3_M  z_0/1_Z  7,0,9,2,7  中  真 实-投注  
1907280962  4[0, 2, 9, 8, 5, 6, 4]  344  -4.816  m_1/1_M  z_0/0_Z  7,0,9,2,7  挂  模拟-投注  

1907280963  0[7, 9, 3, 6, 0, 4, 5]  344  -4.816  m_1/1_M  z_0/0_Z  8,1,9,0,1  挂  模拟-投注  
1907280963  1[0, 9, 5, 3, 1, 2, 4]  1564  30.498  m_0/2_M  z_0/2_Z  8,1,9,0,1  中  真 实-投注  
1907280963  2[9, 0, 1, 4, 2, 7, 3]  5889  114.836  m_0/2_M  z_0/1_Z  8,1,9,0,1  中  模拟-投注  
1907280963  3[2, 7, 6, 5, 4, 0, 1]  344  6.708  m_0/3_M  z_0/1_Z  8,1,9,0,1  中  真 实-投注  
1907280963  4[7, 0, 2, 9, 8, 5, 6]  1564  -21.896  m_2/2_M  z_0/0_Z  8,1,9,0,1  挂  模拟-投注  

1907280964  0[8, 7, 9, 3, 6, 0, 4]  1564  -21.896  m_2/2_M  z_0/0_Z  2,9,1,2,2  挂  模拟-投注  
1907280964  1[1, 0, 9, 5, 3, 2, 4]  344  6.708  m_0/2_M  z_0/2_Z  2,9,1,2,2  中  模拟-投注  
1907280964  2[9, 0, 1, 4, 2, 7, 3]  344  6.708  m_0/2_M  z_0/1_Z  2,9,1,2,2  中  真 实-投注  
1907280964  3[0, 2, 7, 6, 5, 4, 1]  344  6.708  m_0/3_M  z_0/1_Z  2,9,1,2,2  中  模拟-投注  
1907280964  4[1, 7, 0, 2, 9, 8, 5]  5889  114.836  m_0/2_M  z_0/0_Z  2,9,1,2,2  中  模拟-投注  

1907280965  0[2, 8, 7, 9, 3, 6, 0]  5889  114.836  m_0/2_M  z_0/0_Z  0,7,0,0,3  中  模拟-投注  
1907280965  1[9, 1, 0, 5, 3, 2, 4]  344  -4.816  m_1/2_M  z_0/2_Z  0,7,0,0,3  挂  模拟-投注  
1907280965  2[1, 9, 0, 4, 2, 7, 3]  344  6.708  m_0/2_M  z_0/1_Z  0,7,0,0,3  中  真 实-投注  
1907280965  3[2, 0, 7, 6, 5, 4, 1]  344  6.708  m_0/3_M  z_0/1_Z  0,7,0,0,3  中  模拟-投注  
1907280965  4[2, 1, 7, 0, 9, 8, 5]  344  -4.816  m_1/2_M  z_1/1_Z  0,7,0,0,3  挂  真 实-投注  

1907280966  0[0, 2, 8, 7, 9, 3, 6]  344  6.708  m_0/2_M  z_0/0_Z  6,1,7,2,2  中  真 实-投注  
1907280966  1[7, 9, 1, 0, 5, 3, 2]  1564  30.498  m_0/2_M  z_0/2_Z  6,1,7,2,2  中  模拟-投注  
1907280966  2[0, 1, 9, 4, 2, 7, 3]  344  6.708  m_0/2_M  z_0/1_Z  6,1,7,2,2  中  模拟-投注  
1907280966  3[0, 2, 7, 6, 5, 4, 1]  344  6.708  m_0/3_M  z_0/1_Z  6,1,7,2,2  中  模拟-投注  
1907280966  4[3, 2, 1, 7, 0, 9, 8]  1564  30.498  m_0/2_M  z_0/1_Z  6,1,7,2,2  中  真 实-投注  

1907280967  0[6, 0, 2, 8, 7, 9, 3]  344  6.708  m_0/2_M  z_0/0_Z  8,7,2,0,4  中  真 实-投注  
1907280967  1[1, 7, 9, 0, 5, 3, 2]  344  6.708  m_0/2_M  z_0/2_Z  8,7,2,0,4  中  模拟-投注  
1907280967  2[7, 0, 1, 9, 4, 2, 3]  344  6.708  m_0/2_M  z_0/1_Z  8,7,2,0,4  中  模拟-投注  
1907280967  3[2, 0, 7, 6, 5, 4, 1]  344  6.708  m_0/3_M  z_0/1_Z  8,7,2,0,4  中  模拟-投注  
1907280967  4[2, 3, 1, 7, 0, 9, 8]  344  -4.816  m_1/2_M  z_0/1_Z  8,7,2,0,4  挂  模拟-投注  

1907280968  0[8, 6, 0, 2, 7, 9, 3]  344  6.708  m_0/2_M  z_0/0_Z  9,2,4,9,6  中  模拟-投注  
1907280968  1[7, 1, 9, 0, 5, 3, 2]  344  6.708  m_0/2_M  z_0/2_Z  9,2,4,9,6  中  模拟-投注  
1907280968  2[2, 7, 0, 1, 9, 4, 3]  344  6.708  m_0/2_M  z_0/1_Z  9,2,4,9,6  中  模拟-投注  
1907280968  3[0, 2, 7, 6, 5, 4, 1]  344  -4.816  m_1/3_M  z_0/1_Z  9,2,4,9,6  挂  模拟-投注  
1907280968  4[4, 2, 3, 1, 7, 0, 9]  1564  -21.896  m_2/2_M  z_0/1_Z  9,2,4,9,6  挂  模拟-投注  

1907280969  0[9, 8, 6, 0, 2, 7, 3]  344  6.708  m_0/2_M  z_0/0_Z  3,1,8,5,5  中  模拟-投注  
1907280969  1[2, 7, 1, 9, 0, 5, 3]  344  6.708  m_0/2_M  z_0/2_Z  3,1,8,5,5  中  模拟-投注  
1907280969  2[4, 2, 7, 0, 1, 9, 3]  344  -4.816  m_1/2_M  z_0/1_Z  3,1,8,5,5  挂  模拟-投注  
1907280969  3[9, 0, 2, 7, 6, 5, 4]  1564  30.498  m_0/3_M  z_0/1_Z  3,1,8,5,5  中  模拟-投注  
1907280969  4[6, 4, 2, 3, 1, 7, 0]  5889  -82.446  m_3/3_M  z_0/1_Z  3,1,8,5,5  挂  模拟-投注  

1907280970  0[3, 9, 8, 6, 0, 2, 7]  344  6.708  m_0/2_M  z_0/0_Z  6,7,6,2,6  中  模拟-投注  
1907280970  1[1, 2, 7, 9, 0, 5, 3]  344  6.708  m_0/2_M  z_0/2_Z  6,7,6,2,6  中  模拟-投注  
1907280970  2[8, 4, 2, 7, 0, 1, 9]  1564  -21.896  m_2/2_M  z_0/1_Z  6,7,6,2,6  挂  模拟-投注  
1907280970  3[5, 9, 0, 2, 7, 6, 4]  344  6.708  m_0/3_M  z_0/1_Z  6,7,6,2,6  中  模拟-投注  
1907280970  4[5, 6, 4, 2, 3, 1, 7]  21223  413.849  m_0/3_M  z_0/1_Z  6,7,6,2,6  中  模拟-投注  

1907280971  0[6, 3, 9, 8, 0, 2, 7]  344  -4.816  m_1/2_M  z_0/0_Z  4,9,3,1,3  挂  模拟-投注  
1907280971  1[7, 1, 2, 9, 0, 5, 3]  344  6.708  m_0/2_M  z_0/2_Z  4,9,3,1,3  中  模拟-投注  
1907280971  2[6, 8, 4, 2, 7, 0, 1]  5889  -82.446  m_3/3_M  z_0/1_Z  4,9,3,1,3  挂  模拟-投注  
1907280971  3[2, 5, 9, 0, 7, 6, 4]  344  -4.816  m_1/3_M  z_0/1_Z  4,9,3,1,3  挂  模拟-投注  
1907280971  4[6, 5, 4, 2, 3, 1, 7]  344  6.708  m_0/3_M  z_0/1_Z  4,9,3,1,3  中  真 实-投注  

1907280972  0[4, 6, 3, 9, 8, 0, 2]  1564  -21.896  m_2/2_M  z_0/0_Z  1,7,5,8,2  挂  模拟-投注  
1907280972  1[9, 7, 1, 2, 0, 5, 3]  344  6.708  m_0/2_M  z_0/2_Z  1,7,5,8,2  中  模拟-投注  
1907280972  2[3, 6, 8, 4, 2, 7, 0]  21223  -297.122  m_4/4_M  z_0/1_Z  1,7,5,8,2  挂  模拟-投注  
1907280972  3[1, 2, 5, 9, 0, 7, 6]  1564  -21.896  m_2/3_M  z_0/1_Z  1,7,5,8,2  挂  模拟-投注  
1907280972  4[3, 6, 5, 4, 2, 1, 7]  344  6.708  m_0/3_M  z_0/1_Z  1,7,5,8,2  中  真 实-投注  

1907280973  0[1, 4, 6, 3, 9, 8, 0]  5889  114.836  m_0/2_M  z_0/0_Z  0,3,3,2,8  中  模拟-投注  
1907280973  1[7, 9, 1, 2, 0, 5, 3]  344  6.708  m_0/2_M  z_0/2_Z  0,3,3,2,8  中  模拟-投注  
1907280973  2[5, 3, 6, 8, 4, 2, 7]  344  6.708  m_0/4_M  z_0/1_Z  0,3,3,2,8  中  模拟-投注  
1907280973  3[8, 1, 2, 5, 9, 0, 7]  5889  114.836  m_0/3_M  z_0/1_Z  0,3,3,2,8  中  模拟-投注  
1907280973  4[2, 3, 6, 5, 4, 1, 7]  344  -4.816  m_1/3_M  z_0/1_Z  0,3,3,2,8  挂  模拟-投注  

1907280974  0[0, 1, 4, 6, 3, 9, 8]  344  6.708  m_0/2_M  z_0/0_Z  4,6,1,7,3  中  真 实-投注  
1907280974  1[3, 7, 9, 1, 2, 0, 5]  344  -4.816  m_1/2_M  z_0/2_Z  4,6,1,7,3  挂  模拟-投注  
1907280974  2[3, 5, 6, 8, 4, 2, 7]  344  -4.816  m_1/4_M  z_1/1_Z  4,6,1,7,3  挂  真 实-投注  
1907280974  3[2, 8, 1, 5, 9, 0, 7]  344  6.708  m_0/3_M  z_0/1_Z  4,6,1,7,3  中  真 实-投注  
1907280974  4[8, 2, 3, 6, 5, 4, 1]  1564  30.498  m_0/3_M  z_0/1_Z  4,6,1,7,3  中  模拟-投注  

1907280975  0[4, 0, 1, 6, 3, 9, 8]  344  -4.816  m_1/2_M  z_1/1_Z  7,2,1,0,7  挂  真 实-投注  
1907280975  1[6, 3, 7, 9, 1, 2, 0]  1564  30.498  m_0/2_M  z_0/2_Z  7,2,1,0,7  中  模拟-投注  
1907280975  2[1, 3, 5, 6, 8, 4, 2]  1564  30.498  m_0/4_M  z_0/1_Z  7,2,1,0,7  中  真 实-投注  
1907280975  3[7, 2, 8, 1, 5, 9, 0]  344  6.708  m_0/3_M  z_0/1_Z  7,2,1,0,7  中  真 实-投注  
1907280975  4[3, 8, 2, 6, 5, 4, 1]  344  -4.816  m_1/3_M  z_0/1_Z  7,2,1,0,7  挂  模拟-投注  

1907280976  0[7, 4, 0, 1, 6, 3, 9]  1564  30.498  m_0/2_M  z_0/1_Z  0,4,6,5,4  中  真 实-投注  
1907280976  1[2, 6, 3, 7, 9, 1, 0]  344  -4.816  m_1/2_M  z_0/2_Z  0,4,6,5,4  挂  模拟-投注  
1907280976  2[1, 3, 5, 6, 8, 4, 2]  344  6.708  m_0/4_M  z_0/1_Z  0,4,6,5,4  中  模拟-投注  
1907280976  3[0, 7, 2, 8, 1, 5, 9]  344  6.708  m_0/3_M  z_0/1_Z  0,4,6,5,4  中  模拟-投注  
1907280976  4[7, 3, 8, 2, 6, 5, 4]  1564  30.498  m_0/3_M  z_0/1_Z  0,4,6,5,4  中  模拟-投注  

1907280977  0[0, 7, 4, 1, 6, 3, 9]  344  -4.816  m_1/2_M  z_0/1_Z  8,2,3,2,1  挂  模拟-投注  
1907280977  1[4, 2, 6, 3, 7, 9, 1]  1564  30.498  m_0/2_M  z_0/2_Z  8,2,3,2,1  中  模拟-投注  
1907280977  2[6, 1, 3, 5, 8, 4, 2]  344  6.708  m_0/4_M  z_0/1_Z  8,2,3,2,1  中  模拟-投注  
1907280977  3[5, 0, 7, 2, 8, 1, 9]  344  6.708  m_0/3_M  z_0/1_Z  8,2,3,2,1  中  模拟-投注  
1907280977  4[4, 7, 3, 8, 2, 6, 5]  344  -4.816  m_1/3_M  z_0/1_Z  8,2,3,2,1  挂  模拟-投注  

1907280978  0[8, 0, 7, 4, 1, 6, 3]  1564  30.498  m_0/2_M  z_0/1_Z  8,6,7,7,3  中  模拟-投注  
1907280978  1[2, 4, 6, 3, 7, 9, 1]  344  6.708  m_0/2_M  z_0/2_Z  8,6,7,7,3  中  模拟-投注  
1907280978  2[3, 6, 1, 5, 8, 4, 2]  344  -4.816  m_1/4_M  z_0/1_Z  8,6,7,7,3  挂  模拟-投注  
1907280978  3[2, 5, 0, 7, 8, 1, 9]  344  6.708  m_0/3_M  z_0/1_Z  8,6,7,7,3  中  模拟-投注  
1907280978  4[1, 4, 7, 3, 8, 2, 6]  1564  30.498  m_0/3_M  z_0/1_Z  8,6,7,7,3  中  模拟-投注  

1907280979  0[8, 0, 7, 4, 1, 6, 3]  344  6.708  m_0/2_M  z_0/1_Z  6,7,6,9,1  中  模拟-投注  
1907280979  1[6, 2, 4, 3, 7, 9, 1]  344  6.708  m_0/2_M  z_0/2_Z  6,7,6,9,1  中  模拟-投注  
1907280979  2[7, 3, 6, 1, 5, 8, 4]  1564  30.498  m_0/4_M  z_0/1_Z  6,7,6,9,1  中  模拟-投注  
1907280979  3[7, 2, 5, 0, 8, 1, 9]  344  6.708  m_0/3_M  z_0/1_Z  6,7,6,9,1  中  模拟-投注  
1907280979  4[3, 1, 4, 7, 8, 2, 6]  344  6.708  m_0/3_M  z_0/1_Z  6,7,6,9,1  中  模拟-投注  

1907280980  0[6, 8, 0, 7, 4, 1, 3]  344  6.708  m_0/2_M  z_0/1_Z  4,9,6,5,2  中  模拟-投注  
1907280980  1[7, 6, 2, 4, 3, 9, 1]  344  6.708  m_0/2_M  z_0/2_Z  4,9,6,5,2  中  模拟-投注  
1907280980  2[6, 7, 3, 1, 5, 8, 4]  344  6.708  m_0/4_M  z_0/1_Z  4,9,6,5,2  中  模拟-投注  
1907280980  3[9, 7, 2, 5, 0, 8, 1]  344  6.708  m_0/3_M  z_0/1_Z  4,9,6,5,2  中  模拟-投注  
1907280980  4[1, 3, 4, 7, 8, 2, 6]  344  6.708  m_0/3_M  z_0/1_Z  4,9,6,5,2  中  模拟-投注  

1907280981  0[4, 6, 8, 0, 7, 1, 3]  344  6.708  m_0/2_M  z_0/1_Z  6,4,1,0,6  中  模拟-投注  
1907280981  1[9, 7, 6, 2, 4, 3, 1]  344  6.708  m_0/2_M  z_0/2_Z  6,4,1,0,6  中  模拟-投注  
1907280981  2[6, 7, 3, 1, 5, 8, 4]  344  6.708  m_0/4_M  z_0/1_Z  6,4,1,0,6  中  模拟-投注  
1907280981  3[5, 9, 7, 2, 0, 8, 1]  344  6.708  m_0/3_M  z_0/1_Z  6,4,1,0,6  中  模拟-投注  
1907280981  4[2, 1, 3, 4, 7, 8, 6]  344  6.708  m_0/3_M  z_0/1_Z  6,4,1,0,6  中  模拟-投注  

1907280982  0[6, 4, 8, 0, 7, 1, 3]  344  6.708  m_0/2_M  z_0/1_Z  3,1,4,1,9  中  模拟-投注  
1907280982  1[4, 9, 7, 6, 2, 3, 1]  344  6.708  m_0/2_M  z_0/2_Z  3,1,4,1,9  中  模拟-投注  
1907280982  2[1, 6, 7, 3, 5, 8, 4]  344  6.708  m_0/4_M  z_0/1_Z  3,1,4,1,9  中  模拟-投注  
1907280982  3[0, 5, 9, 7, 2, 8, 1]  344  6.708  m_0/3_M  z_0/1_Z  3,1,4,1,9  中  模拟-投注  
1907280982  4[6, 2, 1, 3, 4, 7, 8]  344  -4.816  m_1/3_M  z_0/1_Z  3,1,4,1,9  挂  模拟-投注  

1907280983  0[3, 6, 4, 8, 0, 7, 1]  344  6.708  m_0/2_M  z_0/1_Z  8,6,6,0,8  中  模拟-投注  
1907280983  1[1, 4, 9, 7, 6, 2, 3]  344  6.708  m_0/2_M  z_0/2_Z  8,6,6,0,8  中  模拟-投注  
1907280983  2[4, 1, 6, 7, 3, 5, 8]  344  6.708  m_0/4_M  z_0/1_Z  8,6,6,0,8  中  模拟-投注  
1907280983  3[1, 0, 5, 9, 7, 2, 8]  344  6.708  m_0/3_M  z_0/1_Z  8,6,6,0,8  中  模拟-投注  
1907280983  4[9, 6, 2, 1, 3, 4, 7]  1564  -21.896  m_2/3_M  z_0/1_Z  8,6,6,0,8  挂  模拟-投注  

1907280984  0[8, 3, 6, 4, 0, 7, 1]  344  -4.816  m_1/2_M  z_0/1_Z  2,3,3,4,4  挂  模拟-投注  
1907280984  1[6, 1, 4, 9, 7, 2, 3]  344  6.708  m_0/2_M  z_0/2_Z  2,3,3,4,4  中  模拟-投注  
1907280984  2[6, 4, 1, 7, 3, 5, 8]  344  6.708  m_0/4_M  z_0/1_Z  2,3,3,4,4  中  模拟-投注  
1907280984  3[0, 1, 5, 9, 7, 2, 8]  344  -4.816  m_1/3_M  z_0/1_Z  2,3,3,4,4  挂  模拟-投注  
1907280984  4[8, 9, 6, 2, 1, 3, 4]  5889  114.836  m_0/3_M  z_0/1_Z  2,3,3,4,4  中  模拟-投注  

1907280985  0[2, 8, 3, 6, 4, 0, 7]  1564  -21.896  m_2/2_M  z_0/1_Z  5,6,2,1,2  挂  模拟-投注  
1907280985  1[3, 6, 1, 4, 9, 7, 2]  344  6.708  m_0/2_M  z_0/2_Z  5,6,2,1,2  中  模拟-投注  
1907280985  2[3, 6, 4, 1, 7, 5, 8]  344  -4.816  m_1/4_M  z_0/1_Z  5,6,2,1,2  挂  模拟-投注  
1907280985  3[4, 0, 1, 5, 9, 7, 2]  1564  30.498  m_0/3_M  z_0/1_Z  5,6,2,1,2  中  模拟-投注  
1907280985  4[4, 8, 9, 6, 2, 1, 3]  344  6.708  m_0/3_M  z_0/1_Z  5,6,2,1,2  中  真 实-投注  

1907280986  0[5, 2, 8, 3, 6, 4, 0]  5889  -82.446  m_3/3_M  z_0/1_Z  9,9,0,3,4  挂  模拟-投注  
1907280986  1[6, 3, 1, 4, 9, 7, 2]  344  6.708  m_0/2_M  z_0/2_Z  9,9,0,3,4  中  模拟-投注  
1907280986  2[2, 3, 6, 4, 1, 7, 5]  1564  -21.896  m_2/4_M  z_0/1_Z  9,9,0,3,4  挂  模拟-投注  
1907280986  3[1, 4, 0, 5, 9, 7, 2]  344  -4.816  m_1/3_M  z_0/1_Z  9,9,0,3,4  挂  模拟-投注  
1907280986  4[2, 4, 8, 9, 6, 1, 3]  344  6.708  m_0/3_M  z_0/1_Z  9,9,0,3,4  中  真 实-投注  

1907280987  0[9, 5, 2, 8, 3, 6, 4]  21223  413.849  m_0/3_M  z_0/1_Z  9,3,6,5,7  中  模拟-投注  
1907280987  1[9, 6, 3, 1, 4, 7, 2]  344  6.708  m_0/2_M  z_0/2_Z  9,3,6,5,7  中  模拟-投注  
1907280987  2[0, 2, 3, 6, 4, 1, 7]  5889  114.836  m_0/4_M  z_0/1_Z  9,3,6,5,7  中  模拟-投注  
1907280987  3[3, 1, 4, 0, 5, 9, 7]  1564  30.498  m_0/3_M  z_0/1_Z  9,3,6,5,7  中  模拟-投注  
1907280987  4[4, 2, 8, 9, 6, 1, 3]  344  -4.816  m_1/3_M  z_0/1_Z  9,3,6,5,7  挂  模拟-投注  

1907280988  0[9, 5, 2, 8, 3, 6, 4]  344  -4.816  m_1/3_M  z_1/1_Z  0,5,0,0,8  挂  真 实-投注  
1907280988  1[3, 9, 6, 1, 4, 7, 2]  344  -4.816  m_1/2_M  z_0/2_Z  0,5,0,0,8  挂  模拟-投注  
1907280988  2[6, 0, 2, 3, 4, 1, 7]  344  6.708  m_0/4_M  z_0/1_Z  0,5,0,0,8  中  真 实-投注  
1907280988  3[5, 3, 1, 4, 0, 9, 7]  344  6.708  m_0/3_M  z_0/1_Z  0,5,0,0,8  中  模拟-投注  
1907280988  4[7, 4, 2, 8, 9, 6, 1]  1564  30.498  m_0/3_M  z_0/1_Z  0,5,0,0,8  中  模拟-投注  

1907280989  0[0, 9, 5, 2, 8, 3, 6]  1564  -21.896  m_2/3_M  z_2/2_Z  1,2,8,0,5  挂  真 实-投注  
1907280989  1[5, 3, 9, 6, 1, 4, 7]  1564  -21.896  m_2/2_M  z_0/2_Z  1,2,8,0,5  挂  模拟-投注  
1907280989  2[0, 6, 2, 3, 4, 1, 7]  344  -4.816  m_1/4_M  z_1/1_Z  1,2,8,0,5  挂  真 实-投注  
1907280989  3[0, 5, 3, 1, 4, 9, 7]  344  6.708  m_0/3_M  z_0/1_Z  1,2,8,0,5  中  模拟-投注  
1907280989  4[8, 7, 4, 2, 9, 6, 1]  344  -4.816  m_1/3_M  z_0/1_Z  1,2,8,0,5  挂  模拟-投注  

1907280990  0[1, 0, 9, 5, 2, 8, 3]  5889  114.836  m_0/3_M  z_0/2_Z  1,1,3,1,1  中  真 实-投注  
1907280990  1[2, 5, 3, 9, 6, 1, 4]  5889  114.836  m_0/2_M  z_0/2_Z  1,1,3,1,1  中  模拟-投注  
1907280990  2[8, 0, 6, 2, 3, 4, 1]  1564  30.498  m_0/4_M  z_0/1_Z  1,1,3,1,1  中  真 实-投注  
1907280990  3[0, 5, 3, 1, 4, 9, 7]  344  6.708  m_0/3_M  z_0/1_Z  1,1,3,1,1  中  模拟-投注  
1907280990  4[5, 8, 7, 4, 2, 9, 6]  1564  -21.896  m_2/3_M  z_0/1_Z  1,1,3,1,1  挂  模拟-投注  

1907280991  0[1, 0, 9, 5, 2, 8, 3]  344  -4.816  m_1/3_M  z_1/2_Z  4,9,9,5,6  挂  真 实-投注  
1907280991  1[1, 2, 5, 3, 9, 6, 4]  344  6.708  m_0/2_M  z_0/2_Z  4,9,9,5,6  中  真 实-投注  
1907280991  2[3, 8, 0, 6, 2, 4, 1]  344  -4.816  m_1/4_M  z_0/1_Z  4,9,9,5,6  挂  模拟-投注  
1907280991  3[1, 0, 5, 3, 4, 9, 7]  344  6.708  m_0/3_M  z_0/1_Z  4,9,9,5,6  中  模拟-投注  
1907280991  4[1, 5, 8, 7, 4, 2, 9]  5889  -82.446  m_3/3_M  z_0/1_Z  4,9,9,5,6  挂  模拟-投注  

1907280992  0[4, 1, 0, 9, 5, 2, 8]  1564  -21.896  m_2/3_M  z_2/2_Z  7,9,6,4,8  挂  真 实-投注  
1907280992  1[9, 1, 2, 5, 3, 6, 4]  344  6.708  m_0/2_M  z_0/2_Z  7,9,6,4,8  中  真 实-投注  
1907280992  2[9, 3, 8, 0, 6, 2, 4]  1564  30.498  m_0/4_M  z_0/1_Z  7,9,6,4,8  中  模拟-投注  
1907280992  3[5, 1, 0, 3, 4, 9, 7]  344  6.708  m_0/3_M  z_0/1_Z  7,9,6,4,8  中  模拟-投注  
1907280992  4[6, 1, 5, 8, 7, 4, 2]  21223  413.849  m_0/3_M  z_0/1_Z  7,9,6,4,8  中  模拟-投注  

1907280993  0[7, 4, 1, 0, 9, 5, 2]  5889  -82.446  m_3/3_M  z_3/3_Z  6,9,6,6,1  挂  真 实-投注  
1907280993  1[9, 1, 2, 5, 3, 6, 4]  344  6.708  m_0/2_M  z_0/2_Z  6,9,6,6,1  中  模拟-投注  
1907280993  2[6, 9, 3, 8, 0, 2, 4]  344  6.708  m_0/4_M  z_0/1_Z  6,9,6,6,1  中  模拟-投注  
1907280993  3[4, 5, 1, 0, 3, 9, 7]  344  -4.816  m_1/3_M  z_0/1_Z  6,9,6,6,1  挂  模拟-投注  
1907280993  4[8, 6, 1, 5, 7, 4, 2]  344  6.708  m_0/3_M  z_0/1_Z  6,9,6,6,1  中  真 实-投注  

1907280994  0[6, 7, 4, 1, 0, 9, 5]  21223  413.849  m_0/3_M  z_0/3_Z  5,8,5,1,3  中  真 实-投注  
1907280994  1[9, 1, 2, 5, 3, 6, 4]  344  -4.816  m_1/2_M  z_0/2_Z  5,8,5,1,3  挂  模拟-投注  
1907280994  2[6, 9, 3, 8, 0, 2, 4]  344  -4.816  m_1/4_M  z_0/1_Z  5,8,5,1,3  挂  模拟-投注  
1907280994  3[6, 4, 5, 1, 0, 3, 9]  1564  30.498  m_0/3_M  z_0/1_Z  5,8,5,1,3  中  模拟-投注  
1907280994  4[1, 8, 6, 5, 7, 4, 2]  344  -4.816  m_1/3_M  z_1/1_Z  5,8,5,1,3  挂  真 实-投注  

1907280995  0[5, 6, 7, 4, 1, 0, 9]  344  6.708  m_0/3_M  z_0/3_Z  7,6,6,3,0  中  真 实-投注  
1907280995  1[8, 9, 1, 2, 5, 3, 6]  1564  30.498  m_0/2_M  z_0/2_Z  7,6,6,3,0  中  模拟-投注  
1907280995  2[5, 6, 9, 3, 8, 0, 2]  1564  30.498  m_0/4_M  z_0/1_Z  7,6,6,3,0  中  模拟-投注  
1907280995  3[1, 6, 4, 5, 0, 3, 9]  344  6.708  m_0/3_M  z_0/1_Z  7,6,6,3,0  中  模拟-投注  
1907280995  4[3, 1, 8, 6, 5, 7, 4]  1564  -21.896  m_2/3_M  z_2/2_Z  7,6,6,3,0  挂  真 实-投注  

1907280996  0[7, 5, 6, 4, 1, 0, 9]  344  6.708  m_0/3_M  z_0/3_Z  6,1,4,8,2  中  真 实-投注  
1907280996  1[6, 8, 9, 1, 2, 5, 3]  344  6.708  m_0/2_M  z_0/2_Z  6,1,4,8,2  中  模拟-投注  
1907280996  2[6, 5, 9, 3, 8, 0, 2]  344  -4.816  m_1/4_M  z_0/1_Z  6,1,4,8,2  挂  模拟-投注  
1907280996  3[3, 1, 6, 4, 5, 0, 9]  344  -4.816  m_1/3_M  z_0/1_Z  6,1,4,8,2  挂  模拟-投注  
1907280996  4[0, 3, 1, 8, 6, 5, 7]  5889  -82.446  m_3/3_M  z_3/3_Z  6,1,4,8,2  挂  真 实-投注  

1907280997  0[6, 7, 5, 4, 1, 0, 9]  344  -4.816  m_1/3_M  z_0/3_Z  2,7,7,1,0  挂  模拟-投注  
1907280997  1[1, 6, 8, 9, 2, 5, 3]  344  -4.816  m_1/2_M  z_0/2_Z  2,7,7,1,0  挂  模拟-投注  
1907280997  2[4, 6, 5, 9, 3, 8, 0]  1564  -21.896  m_2/4_M  z_0/1_Z  2,7,7,1,0  挂  模拟-投注  
1907280997  3[8, 3, 1, 6, 4, 5, 0]  1564  30.498  m_0/3_M  z_0/1_Z  2,7,7,1,0  中  模拟-投注  
1907280997  4[2, 0, 3, 1, 8, 6, 5]  21223  413.849  m_0/3_M  z_0/3_Z  2,7,7,1,0  中  真 实-投注  

1907281000  0[6, 4, 3, 8, 2, 5, 9]  344  6.708  m_0/0_M  z_0/0_Z  3,0,2,7,1  中  模拟-投注  
1907281000  1[7, 9, 4, 1, 6, 3, 5]  344  -4.816  m_1/1_M  z_0/0_Z  3,0,2,7,1  挂  模拟-投注  
1907281000  2[6, 1, 4, 3, 2, 0, 8]  344  6.708  m_0/0_M  z_0/0_Z  3,0,2,7,1  中  模拟-投注  
1907281000  3[9, 5, 0, 1, 4, 3, 6]  344  -4.816  m_1/1_M  z_0/0_Z  3,0,2,7,1  挂  模拟-投注  
1907281000  4[1, 2, 6, 9, 8, 4, 7]  344  6.708  m_0/0_M  z_0/0_Z  3,0,2,7,1  中  模拟-投注  

1907281001  0[3, 6, 4, 8, 2, 5, 9]  344  -4.816  m_1/1_M  z_0/0_Z  1,7,6,9,9  挂  模拟-投注  
1907281001  1[0, 7, 9, 4, 1, 6, 3]  1564  30.498  m_0/1_M  z_0/0_Z  1,7,6,9,9  中  模拟-投注  
1907281001  2[2, 6, 1, 4, 3, 0, 8]  344  6.708  m_0/0_M  z_0/0_Z  1,7,6,9,9  中  模拟-投注  
1907281001  3[7, 9, 5, 0, 1, 4, 3]  1564  30.498  m_0/1_M  z_0/0_Z  1,7,6,9,9  中  模拟-投注  
1907281001  4[1, 2, 6, 9, 8, 4, 7]  344  6.708  m_0/0_M  z_0/0_Z  1,7,6,9,9  中  模拟-投注  

1907281002  0[1, 3, 6, 4, 8, 2, 5]  1564  30.498  m_0/1_M  z_0/0_Z  6,4,0,1,9  中  模拟-投注  
1907281002  1[7, 0, 9, 4, 1, 6, 3]  344  6.708  m_0/1_M  z_0/0_Z  6,4,0,1,9  中  模拟-投注  
1907281002  2[6, 2, 1, 4, 3, 0, 8]  344  6.708  m_0/0_M  z_0/0_Z  6,4,0,1,9  中  模拟-投注  
1907281002  3[9, 7, 5, 0, 1, 4, 3]  344  6.708  m_0/1_M  z_0/0_Z  6,4,0,1,9  中  模拟-投注  
1907281002  4[9, 1, 2, 6, 8, 4, 7]  344  6.708  m_0/0_M  z_0/0_Z  6,4,0,1,9  中  模拟-投注  

1907281003  0[6, 1, 3, 4, 8, 2, 5]  344  6.708  m_0/1_M  z_0/0_Z  5,1,1,2,3  中  模拟-投注  
1907281003  1[4, 7, 0, 9, 1, 6, 3]  344  6.708  m_0/1_M  z_0/0_Z  5,1,1,2,3  中  模拟-投注  
1907281003  2[0, 6, 2, 1, 4, 3, 8]  344  6.708  m_0/0_M  z_0/0_Z  5,1,1,2,3  中  模拟-投注  
1907281003  3[1, 9, 7, 5, 0, 4, 3]  344  -4.816  m_1/1_M  z_0/0_Z  5,1,1,2,3  挂  模拟-投注  
1907281003  4[9, 1, 2, 6, 8, 4, 7]  344  -4.816  m_1/1_M  z_0/0_Z  5,1,1,2,3  挂  模拟-投注  

1907281004  0[5, 6, 1, 3, 4, 8, 2]  344  6.708  m_0/1_M  z_0/0_Z  5,8,6,1,6  中  模拟-投注  
1907281004  1[1, 4, 7, 0, 9, 6, 3]  344  -4.816  m_1/1_M  z_0/0_Z  5,8,6,1,6  挂  模拟-投注  
1907281004  2[1, 0, 6, 2, 4, 3, 8]  344  6.708  m_0/0_M  z_0/0_Z  5,8,6,1,6  中  模拟-投注  
1907281004  3[2, 1, 9, 7, 5, 0, 4]  1564  30.498  m_0/1_M  z_0/0_Z  5,8,6,1,6  中  模拟-投注  
1907281004  4[3, 9, 1, 2, 6, 8, 4]  1564  30.498  m_0/1_M  z_0/0_Z  5,8,6,1,6  中  模拟-投注  

1907281005  0[5, 6, 1, 3, 4, 8, 2]  344  6.708  m_0/1_M  z_0/0_Z  3,0,1,2,2  中  模拟-投注  
1907281005  1[8, 1, 4, 7, 0, 9, 6]  1564  30.498  m_0/1_M  z_0/0_Z  3,0,1,2,2  中  模拟-投注  
1907281005  2[6, 1, 0, 2, 4, 3, 8]  344  6.708  m_0/0_M  z_0/0_Z  3,0,1,2,2  中  模拟-投注  
1907281005  3[1, 2, 9, 7, 5, 0, 4]  344  6.708  m_0/1_M  z_0/0_Z  3,0,1,2,2  中  模拟-投注  
1907281005  4[6, 3, 9, 1, 2, 8, 4]  344  6.708  m_0/1_M  z_0/0_Z  3,0,1,2,2  中  模拟-投注  

1907281006  0[3, 5, 6, 1, 4, 8, 2]  344  6.708  m_0/1_M  z_0/0_Z  3,6,8,8,9  中  模拟-投注  
1907281006  1[0, 8, 1, 4, 7, 9, 6]  344  6.708  m_0/1_M  z_0/0_Z  3,6,8,8,9  中  模拟-投注  
1907281006  2[1, 6, 0, 2, 4, 3, 8]  344  6.708  m_0/0_M  z_0/0_Z  3,6,8,8,9  中  模拟-投注  
1907281006  3[2, 1, 9, 7, 5, 0, 4]  344  -4.816  m_1/1_M  z_0/0_Z  3,6,8,8,9  挂  模拟-投注  
1907281006  4[2, 6, 3, 9, 1, 8, 4]  344  6.708  m_0/1_M  z_0/0_Z  3,6,8,8,9  中  模拟-投注  

1907281007  0[3, 5, 6, 1, 4, 8, 2]  344  -4.816  m_1/1_M  z_0/0_Z  0,6,7,6,6  挂  模拟-投注  
1907281007  1[6, 0, 8, 1, 4, 7, 9]  344  6.708  m_0/1_M  z_0/0_Z  0,6,7,6,6  中  模拟-投注  
1907281007  2[8, 1, 6, 0, 2, 4, 3]  344  -4.816  m_1/1_M  z_0/0_Z  0,6,7,6,6  挂  模拟-投注  
1907281007  3[8, 2, 1, 9, 7, 5, 0]  1564  -21.896  m_2/2_M  z_0/0_Z  0,6,7,6,6  挂  模拟-投注  
1907281007  4[9, 2, 6, 3, 1, 8, 4]  344  6.708  m_0/1_M  z_0/0_Z  0,6,7,6,6  中  模拟-投注  

1907281008  0[0, 3, 5, 6, 1, 4, 8]  1564  -21.896  m_2/2_M  z_0/0_Z  7,9,9,3,9  挂  模拟-投注  
1907281008  1[6, 0, 8, 1, 4, 7, 9]  344  6.708  m_0/1_M  z_0/0_Z  7,9,9,3,9  中  模拟-投注  
1907281008  2[7, 8, 1, 6, 0, 2, 4]  1564  -21.896  m_2/2_M  z_0/0_Z  7,9,9,3,9  挂  模拟-投注  
1907281008  3[6, 8, 2, 1, 9, 7, 5]  5889  -82.446  m_3/3_M  z_0/0_Z  7,9,9,3,9  挂  模拟-投注  
1907281008  4[6, 9, 2, 3, 1, 8, 4]  344  6.708  m_0/1_M  z_0/0_Z  7,9,9,3,9  中  模拟-投注  

1907281009  0[7, 0, 3, 5, 6, 1, 4]  5889  114.836  m_0/2_M  z_0/0_Z  7,6,2,9,2  中  模拟-投注  
1907281009  1[9, 6, 0, 8, 1, 4, 7]  344  6.708  m_0/1_M  z_0/0_Z  7,6,2,9,2  中  模拟-投注  
1907281009  2[9, 7, 8, 1, 6, 0, 2]  5889  114.836  m_0/2_M  z_0/0_Z  7,6,2,9,2  中  模拟-投注  
1907281009  3[3, 6, 8, 2, 1, 9, 7]  21223  413.849  m_0/3_M  z_0/0_Z  7,6,2,9,2  中  模拟-投注  
1907281009  4[9, 6, 2, 3, 1, 8, 4]  344  6.708  m_0/1_M  z_0/0_Z  7,6,2,9,2  中  模拟-投注  

1907281010  0[7, 0, 3, 5, 6, 1, 4]  344  6.708  m_0/2_M  z_0/0_Z  7,9,6,5,3  中  真 实-投注  
1907281010  1[6, 9, 0, 8, 1, 4, 7]  344  6.708  m_0/1_M  z_0/0_Z  7,9,6,5,3  中  模拟-投注  
1907281010  2[2, 9, 7, 8, 1, 6, 0]  344  6.708  m_0/2_M  z_0/0_Z  7,9,6,5,3  中  真 实-投注  
1907281010  3[9, 3, 6, 8, 2, 1, 7]  344  -4.816  m_1/3_M  z_1/1_Z  7,9,6,5,3  挂  真 实-投注  
1907281010  4[2, 9, 6, 3, 1, 8, 4]  344  6.708  m_0/1_M  z_0/0_Z  7,9,6,5,3  中  模拟-投注  

1907281011  0[7, 0, 3, 5, 6, 1, 4]  344  6.708  m_0/2_M  z_0/0_Z  6,7,6,1,1  中  真 实-投注  
1907281011  1[9, 6, 0, 8, 1, 4, 7]  344  6.708  m_0/1_M  z_0/0_Z  6,7,6,1,1  中  模拟-投注  
1907281011  2[6, 2, 9, 7, 8, 1, 0]  344  6.708  m_0/2_M  z_0/0_Z  6,7,6,1,1  中  真 实-投注  
1907281011  3[5, 9, 3, 6, 8, 2, 1]  1564  30.498  m_0/3_M  z_0/1_Z  6,7,6,1,1  中  真 实-投注  
1907281011  4[3, 2, 9, 6, 1, 8, 4]  344  6.708  m_0/1_M  z_0/0_Z  6,7,6,1,1  中  模拟-投注  

1907281012  0[6, 7, 0, 3, 5, 1, 4]  344  -4.816  m_1/2_M  z_0/0_Z  9,2,1,6,0  挂  模拟-投注  
1907281012  1[7, 9, 6, 0, 8, 1, 4]  344  -4.816  m_1/1_M  z_0/0_Z  9,2,1,6,0  挂  模拟-投注  
1907281012  2[6, 2, 9, 7, 8, 1, 0]  344  6.708  m_0/2_M  z_0/0_Z  9,2,1,6,0  中  模拟-投注  
1907281012  3[1, 5, 9, 3, 6, 8, 2]  344  6.708  m_0/3_M  z_0/1_Z  9,2,1,6,0  中  模拟-投注  
1907281012  4[1, 3, 2, 9, 6, 8, 4]  344  -4.816  m_1/1_M  z_0/0_Z  9,2,1,6,0  挂  模拟-投注  

1907281013  0[9, 6, 7, 0, 3, 5, 1]  1564  30.498  m_0/2_M  z_0/0_Z  9,6,2,1,9  中  模拟-投注  
1907281013  1[2, 7, 9, 6, 0, 8, 1]  1564  30.498  m_0/1_M  z_0/0_Z  9,6,2,1,9  中  模拟-投注  
1907281013  2[1, 6, 2, 9, 7, 8, 0]  344  6.708  m_0/2_M  z_0/0_Z  9,6,2,1,9  中  模拟-投注  
1907281013  3[6, 1, 5, 9, 3, 8, 2]  344  6.708  m_0/3_M  z_0/1_Z  9,6,2,1,9  中  模拟-投注  
1907281013  4[0, 1, 3, 2, 9, 6, 8]  1564  30.498  m_0/1_M  z_0/0_Z  9,6,2,1,9  中  模拟-投注  

1907281014  0[9, 6, 7, 0, 3, 5, 1]  344  6.708  m_0/2_M  z_0/0_Z  3,9,9,9,6  中  模拟-投注  
1907281014  1[6, 2, 7, 9, 0, 8, 1]  344  6.708  m_0/1_M  z_0/0_Z  3,9,9,9,6  中  模拟-投注  
1907281014  2[2, 1, 6, 9, 7, 8, 0]  344  6.708  m_0/2_M  z_0/0_Z  3,9,9,9,6  中  模拟-投注  
1907281014  3[1, 6, 5, 9, 3, 8, 2]  344  6.708  m_0/3_M  z_0/1_Z  3,9,9,9,6  中  模拟-投注  
1907281014  4[9, 0, 1, 3, 2, 6, 8]  344  6.708  m_0/1_M  z_0/0_Z  3,9,9,9,6  中  模拟-投注  

1907281015  0[3, 9, 6, 7, 0, 5, 1]  344  6.708  m_0/2_M  z_0/0_Z  0,3,8,6,2  中  模拟-投注  
1907281015  1[9, 6, 2, 7, 0, 8, 1]  344  -4.816  m_1/1_M  z_0/0_Z  0,3,8,6,2  挂  模拟-投注  
1907281015  2[9, 2, 1, 6, 7, 8, 0]  344  6.708  m_0/2_M  z_0/0_Z  0,3,8,6,2  中  模拟-投注  
1907281015  3[9, 1, 6, 5, 3, 8, 2]  344  6.708  m_0/3_M  z_0/1_Z  0,3,8,6,2  中  模拟-投注  
1907281015  4[6, 9, 0, 1, 3, 2, 8]  344  6.708  m_0/1_M  z_0/0_Z  0,3,8,6,2  中  模拟-投注  

1907281016  0[0, 3, 9, 6, 7, 5, 1]  344  -4.816  m_1/2_M  z_0/0_Z  4,5,6,0,9  挂  模拟-投注  
1907281016  1[3, 9, 6, 2, 7, 0, 8]  1564  -21.896  m_2/2_M  z_0/0_Z  4,5,6,0,9  挂  模拟-投注  
1907281016  2[8, 9, 2, 1, 6, 7, 0]  344  6.708  m_0/2_M  z_0/0_Z  4,5,6,0,9  中  模拟-投注  
1907281016  3[6, 9, 1, 5, 3, 8, 2]  344  -4.816  m_1/3_M  z_0/1_Z  4,5,6,0,9  挂  模拟-投注  
1907281016  4[2, 6, 9, 0, 1, 3, 8]  344  6.708  m_0/1_M  z_0/0_Z  4,5,6,0,9  中  模拟-投注  

1907281017  0[4, 0, 3, 9, 6, 7, 5]  1564  30.498  m_0/2_M  z_0/0_Z  3,5,7,4,2  中  模拟-投注  
1907281017  1[5, 3, 9, 6, 2, 7, 0]  5889  114.836  m_0/2_M  z_0/0_Z  3,5,7,4,2  中  模拟-投注  
1907281017  2[6, 8, 9, 2, 1, 7, 0]  344  6.708  m_0/2_M  z_0/0_Z  3,5,7,4,2  中  模拟-投注  
1907281017  3[0, 6, 9, 1, 5, 3, 8]  1564  -21.896  m_2/3_M  z_0/1_Z  3,5,7,4,2  挂  模拟-投注  
1907281017  4[9, 2, 6, 0, 1, 3]  344  6.708  m_0/1_M  z_0/0_Z  3,5,7,4,2  中  模拟-投注  

1907281018  0[3, 4, 0, 9, 6, 7, 5]  344  6.708  m_0/2_M  z_0/0_Z  4,8,9,0,9  中  模拟-投注  
1907281018  1[5, 3, 9, 6, 2, 7, 0]  344  -4.816  m_1/2_M  z_1/1_Z  4,8,9,0,9  挂  真 实-投注  
1907281018  2[7, 6, 8, 9, 2, 1, 0]  344  6.708  m_0/2_M  z_0/0_Z  4,8,9,0,9  中  模拟-投注  
1907281018  3[4, 0, 6, 9, 1, 5, 3]  5889  114.836  m_0/3_M  z_0/1_Z  4,8,9,0,9  中  模拟-投注  
1907281018  4[2, 9, 6, 0, 1, 3]  344  6.708  m_0/1_M  z_0/0_Z  4,8,9,0,9  中  模拟-投注  

1907281019  0[4, 3, 0, 9, 6, 7, 5]  344  6.708  m_0/2_M  z_0/0_Z  0,0,5,3,4  中  模拟-投注  
1907281019  1[8, 5, 3, 9, 6, 2, 7]  1564  -21.896  m_2/2_M  z_2/2_Z  0,0,5,3,4  挂  真 实-投注  
1907281019  2[9, 7, 6, 8, 2, 1, 0]  344  -4.816  m_1/2_M  z_0/0_Z  0,0,5,3,4  挂  模拟-投注  
1907281019  3[0, 4, 6, 9, 1, 5, 3]  344  6.708  m_0/3_M  z_0/1_Z  0,0,5,3,4  中  真 实-投注  
1907281019  4[9, 2, 6, 0, 1, 3]  344  -4.128  m_1/1_M  z_0/0_Z  0,0,5,3,4  挂  模拟-投注  

1907281020  0[0, 4, 3, 9, 6, 7, 5]  344  6.708  m_0/2_M  z_0/0_Z  9,7,2,2,6  中  模拟-投注  
1907281020  1[0, 8, 5, 3, 9, 6, 2]  5889  -82.446  m_3/3_M  z_3/3_Z  9,7,2,2,6  挂  真 实-投注  
1907281020  2[5, 9, 7, 6, 8, 2, 1]  1564  30.498  m_0/2_M  z_0/0_Z  9,7,2,2,6  中  模拟-投注  
1907281020  3[3, 0, 4, 6, 9, 1, 5]  344  -4.816  m_1/3_M  z_1/1_Z  9,7,2,2,6  挂  真 实-投注  
1907281020  4[4, 9, 2, 6, 0, 1, 3]  1564  30.498  m_0/1_M  z_0/0_Z  9,7,2,2,6  中  模拟-投注  

1907281021  0[9, 0, 4, 3, 6, 7, 5]  344  6.708  m_0/2_M  z_0/0_Z  6,1,1,6,0  中  模拟-投注  
1907281021  1[7, 0, 8, 5, 3, 9, 6]  21223  -297.122  m_4/4_M  z_4/4_Z  6,1,1,6,0  挂  真 实-投注  
1907281021  2[2, 5, 9, 7, 6, 8, 1]  344  6.708  m_0/2_M  z_0/0_Z  6,1,1,6,0  中  模拟-投注  
1907281021  3[2, 3, 0, 4, 6, 9, 1]  1564  30.498  m_0/3_M  z_0/1_Z  6,1,1,6,0  中  真 实-投注  
1907281021  4[6, 4, 9, 2, 0, 1, 3]  344  6.708  m_0/1_M  z_0/0_Z  6,1,1,6,0  中  模拟-投注  

1907281022  0[6, 9, 0, 4, 3, 7, 5]  344  6.708  m_0/2_M  z_0/0_Z  3,5,7,2,4  中  模拟-投注  
1907281022  1[1, 7, 0, 8, 5, 3, 9]  344  6.708  m_0/4_M  z_0/4_Z  3,5,7,2,4  中  真 实-投注  
1907281022  2[1, 2, 5, 9, 7, 6, 8]  344  6.708  m_0/2_M  z_0/0_Z  3,5,7,2,4  中  模拟-投注  
1907281022  3[6, 2, 3, 0, 4, 9, 1]  344  6.708  m_0/3_M  z_0/1_Z  3,5,7,2,4  中  模拟-投注  
1907281022  4[0, 6, 4, 9, 2, 1, 3]  344  6.708  m_0/1_M  z_0/0_Z  3,5,7,2,4  中  模拟-投注  

1907281023  0[3, 6, 9, 0, 4, 7, 5]  344  6.708  m_0/2_M  z_0/0_Z  6,1,3,4,0  中  模拟-投注  
1907281023  1[5, 1, 7, 0, 8, 3, 9]  344  6.708  m_0/4_M  z_0/4_Z  6,1,3,4,0  中  真 实-投注  
1907281023  2[7, 1, 2, 5, 9, 6, 8]  344  -4.816  m_1/2_M  z_0/0_Z  6,1,3,4,0  挂  模拟-投注  
1907281023  3[2, 6, 3, 0, 4, 9, 1]  344  6.708  m_0/3_M  z_0/1_Z  6,1,3,4,0  中  模拟-投注  
1907281023  4[4, 0, 6, 9, 2, 1, 3]  344  6.708  m_0/1_M  z_0/0_Z  6,1,3,4,0  中  模拟-投注  

1907281024  0[6, 3, 9, 0, 4, 7, 5]  344  6.708  m_0/2_M  z_0/0_Z  0,6,8,7,7  中  模拟-投注  
1907281024  1[1, 5, 7, 0, 8, 3, 9]  344  -4.816  m_1/4_M  z_0/4_Z  0,6,8,7,7  挂  模拟-投注  
1907281024  2[3, 7, 1, 2, 5, 9, 6]  1564  -21.896  m_2/2_M  z_0/0_Z  0,6,8,7,7  挂  模拟-投注  
1907281024  3[4, 2, 6, 3, 0, 9, 1]  344  -4.816  m_1/3_M  z_0/1_Z  0,6,8,7,7  挂  模拟-投注  
1907281024  4[0, 4, 6, 9, 2, 1, 3]  344  -4.816  m_1/1_M  z_0/0_Z  0,6,8,7,7  挂  模拟-投注  

1907281025  0[0, 6, 3, 9, 4, 7, 5]  344  6.708  m_0/2_M  z_0/0_Z  6,1,5,0,9  中  模拟-投注  
1907281025  1[6, 1, 5, 7, 0, 8, 3]  1564  30.498  m_0/4_M  z_0/4_Z  6,1,5,0,9  中  模拟-投注  
1907281025  2[8, 3, 7, 1, 2, 5, 9]  5889  114.836  m_0/2_M  z_0/0_Z  6,1,5,0,9  中  模拟-投注  
1907281025  3[7, 4, 2, 6, 3, 0, 9]  1564  30.498  m_0/3_M  z_0/1_Z  6,1,5,0,9  中  模拟-投注  
1907281025  4[7, 0, 4, 6, 9, 2, 1]  1564  30.498  m_0/1_M  z_0/0_Z  6,1,5,0,9  中  模拟-投注  

1907281026  0[6, 0, 3, 9, 4, 7]  344  -4.128  m_1/2_M  z_0/0_Z  8,8,8,4,7  挂  模拟-投注  
1907281026  1[1, 6, 5, 7, 0, 8, 3]  344  6.708  m_0/4_M  z_0/4_Z  8,8,8,4,7  中  模拟-投注  
1907281026  2[5, 8, 3, 7, 1, 2, 9]  344  6.708  m_0/2_M  z_0/0_Z  8,8,8,4,7  中  真 实-投注  
1907281026  3[0, 7, 4, 2, 6, 3, 9]  344  6.708  m_0/3_M  z_0/1_Z  8,8,8,4,7  中  模拟-投注  
1907281026  4[9, 7, 0, 4, 6, 2, 1]  344  6.708  m_0/1_M  z_0/0_Z  8,8,8,4,7  中  模拟-投注  

1907281027  0[8, 6, 0, 3, 9, 4, 7]  1564  -21.896  m_2/2_M  z_0/0_Z  5,8,2,6,5  挂  模拟-投注  
1907281027  1[8, 1, 6, 5, 7, 0, 3]  344  6.708  m_0/4_M  z_0/4_Z  5,8,2,6,5  中  模拟-投注  
1907281027  2[8, 5, 3, 7, 1, 2, 9]  344  6.708  m_0/2_M  z_0/0_Z  5,8,2,6,5  中  真 实-投注  
1907281027  3[4, 0, 7, 2, 6, 3, 9]  344  6.708  m_0/3_M  z_0/1_Z  5,8,2,6,5  中  模拟-投注  
1907281027  4[7, 9, 0, 4, 6, 2, 1]  344  -4.816  m_1/1_M  z_0/0_Z  5,8,2,6,5  挂  模拟-投注  

1907281028  0[5, 8, 6, 0, 3, 9, 4]  5889  114.836  m_0/2_M  z_0/0_Z  9,6,9,3,5  中  模拟-投注  
1907281028  1[8, 1, 6, 5, 7, 0, 3]  344  6.708  m_0/4_M  z_0/4_Z  9,6,9,3,5  中  模拟-投注  
1907281028  2[2, 8, 5, 3, 7, 1, 9]  344  6.708  m_0/2_M  z_0/0_Z  9,6,9,3,5  中  模拟-投注  
1907281028  3[6, 4, 0, 7, 2, 3, 9]  344  6.708  m_0/3_M  z_0/1_Z  9,6,9,3,5  中  模拟-投注  
1907281028  4[5, 7, 9, 0, 4, 6, 2]  1564  30.498  m_0/1_M  z_0/0_Z  9,6,9,3,5  中  模拟-投注  

1907281029  0[9, 5, 8, 6, 0, 3, 4]  344  6.708  m_0/2_M  z_0/0_Z  8,9,1,9,4  中  真 实-投注  
1907281029  1[6, 8, 1, 5, 7, 0, 3]  344  -4.816  m_1/4_M  z_0/4_Z  8,9,1,9,4  挂  模拟-投注  
1907281029  2[9, 2, 8, 5, 3, 7, 1]  344  6.708  m_0/2_M  z_0/0_Z  8,9,1,9,4  中  模拟-投注  
1907281029  3[3, 6, 4, 0, 7, 2, 9]  344  6.708  m_0/3_M  z_0/1_Z  8,9,1,9,4  中  模拟-投注  
1907281029  4[5, 7, 9, 0, 4, 6, 2]  344  6.708  m_0/1_M  z_0/0_Z  8,9,1,9,4  中  模拟-投注  

1907281030  0[8, 9, 5, 6, 0, 3, 4]  344  6.708  m_0/2_M  z_0/0_Z  6,8,9,1,3  中  真 实-投注  
1907281030  1[9, 6, 8, 1, 5, 7, 0]  1564  30.498  m_0/4_M  z_0/4_Z  6,8,9,1,3  中  模拟-投注  
1907281030  2[1, 9, 2, 8, 5, 3, 7]  344  6.708  m_0/2_M  z_0/0_Z  6,8,9,1,3  中  模拟-投注  
1907281030  3[9, 3, 6, 4, 0, 7, 2]  344  -4.816  m_1/3_M  z_0/1_Z  6,8,9,1,3  挂  模拟-投注  
1907281030  4[4, 5, 7, 9, 0, 6, 2]  344  -4.816  m_1/1_M  z_0/0_Z  6,8,9,1,3  挂  模拟-投注  

1907281031  0[6, 8, 9, 5, 0, 3, 4]  344  -4.816  m_1/2_M  z_0/0_Z  1,1,2,8,5  挂  模拟-投注  
1907281031  1[8, 9, 6, 1, 5, 7, 0]  344  6.708  m_0/4_M  z_0/4_Z  1,1,2,8,5  中  模拟-投注  
1907281031  2[9, 1, 2, 8, 5, 3, 7]  344  6.708  m_0/2_M  z_0/0_Z  1,1,2,8,5  中  模拟-投注  
1907281031  3[1, 9, 3, 6, 4, 0, 7]  1564  -21.896  m_2/3_M  z_0/1_Z  1,1,2,8,5  挂  模拟-投注  
1907281031  4[3, 4, 5, 7, 9, 0, 6]  1564  30.498  m_0/1_M  z_0/0_Z  1,1,2,8,5  中  模拟-投注  

1907281032  0[1, 6, 8, 9, 5, 0, 3]  1564  30.498  m_0/2_M  z_0/0_Z  8,0,8,2,6  中  模拟-投注  
1907281032  1[1, 8, 9, 6, 5, 7, 0]  344  6.708  m_0/4_M  z_0/4_Z  8,0,8,2,6  中  模拟-投注  
1907281032  2[2, 9, 1, 8, 5, 3, 7]  344  6.708  m_0/2_M  z_0/0_Z  8,0,8,2,6  中  模拟-投注  
1907281032  3[8, 1, 9, 3, 6, 4, 0]  5889  -82.446  m_3/3_M  z_0/1_Z  8,0,8,2,6  挂  模拟-投注  
1907281032  4[5, 3, 4, 7, 9, 0, 6]  344  6.708  m_0/1_M  z_0/0_Z  8,0,8,2,6  中  模拟-投注  

1907281033  0[8, 1, 6, 9, 5, 0, 3]  344  6.708  m_0/2_M  z_0/0_Z  9,8,6,2,2  中  模拟-投注  
1907281033  1[0, 1, 8, 9, 6, 5, 7]  344  6.708  m_0/4_M  z_0/4_Z  9,8,6,2,2  中  模拟-投注  
1907281033  2[8, 2, 9, 1, 5, 3, 7]  344  -4.816  m_1/2_M  z_0/0_Z  9,8,6,2,2  挂  模拟-投注  
1907281033  3[2, 8, 1, 9, 3, 6, 4]  21223  413.849  m_0/3_M  z_0/1_Z  9,8,6,2,2  中  模拟-投注  
1907281033  4[6, 5, 3, 4, 7, 9, 0]  344  -4.816  m_1/1_M  z_0/0_Z  9,8,6,2,2  挂  模拟-投注  

1907281034  0[9, 8, 1, 6, 5, 0, 3]  344  -4.816  m_1/2_M  z_0/0_Z  2,0,9,7,1  挂  模拟-投注  
1907281034  1[8, 0, 1, 9, 6, 5, 7]  344  6.708  m_0/4_M  z_0/4_Z  2,0,9,7,1  中  模拟-投注  
1907281034  2[6, 8, 2, 9, 1, 5, 3]  1564  30.498  m_0/2_M  z_0/0_Z  2,0,9,7,1  中  模拟-投注  
1907281034  3[2, 8, 1, 9, 3, 6, 4]  344  -4.816  m_1/3_M  z_1/1_Z  2,0,9,7,1  挂  真 实-投注  
1907281034  4[2, 6, 5, 3, 4, 7, 9]  1564  -21.896  m_2/2_M  z_0/0_Z  2,0,9,7,1  挂  模拟-投注  

1907281035  0[2, 9, 8, 1, 6, 5, 0]  1564  30.498  m_0/2_M  z_0/0_Z  8,0,0,1,2  中  模拟-投注  
1907281035  1[0, 8, 1, 9, 6, 5, 7]  344  6.708  m_0/4_M  z_0/4_Z  8,0,0,1,2  中  模拟-投注  
1907281035  2[9, 6, 8, 2, 1, 5, 3]  344  -4.816  m_1/2_M  z_0/0_Z  8,0,0,1,2  挂  模拟-投注  
1907281035  3[7, 2, 8, 1, 9, 3, 6]  1564  30.498  m_0/3_M  z_0/1_Z  8,0,0,1,2  中  真 实-投注  
1907281035  4[1, 2, 6, 5, 3, 4, 7]  5889  114.836  m_0/2_M  z_0/0_Z  8,0,0,1,2  中  模拟-投注  

1907281036  0[8, 2, 9, 1, 6, 5, 0]  344  -4.816  m_1/2_M  z_0/0_Z  7,8,4,8,7  挂  模拟-投注  
1907281036  1[0, 8, 1, 9, 6, 5, 7]  344  6.708  m_0/4_M  z_0/4_Z  7,8,4,8,7  中  模拟-投注  
1907281036  2[0, 9, 6, 8, 2, 1, 5]  1564  -21.896  m_2/2_M  z_0/0_Z  7,8,4,8,7  挂  模拟-投注  
1907281036  3[1, 7, 2, 8, 9, 3, 6]  344  6.708  m_0/3_M  z_0/1_Z  7,8,4,8,7  中  模拟-投注  
1907281036  4[2, 1, 6, 5, 3, 4, 7]  344  6.708  m_0/2_M  z_0/0_Z  7,8,4,8,7  中  真 实-投注  

1907281037  0[7, 8, 2, 9, 1, 6, 5]  1564  -21.896  m_2/2_M  z_0/0_Z  0,2,9,9,4  挂  模拟-投注  
1907281037  1[8, 0, 1, 9, 6, 5, 7]  344  -4.816  m_1/4_M  z_0/4_Z  0,2,9,9,4  挂  模拟-投注  
1907281037  2[4, 0, 9, 6, 8, 2, 1]  5889  114.836  m_0/2_M  z_0/0_Z  0,2,9,9,4  中  模拟-投注  
1907281037  3[8, 1, 7, 2, 9, 3, 6]  344  6.708  m_0/3_M  z_0/1_Z  0,2,9,9,4  中  模拟-投注  
1907281037  4[7, 2, 1, 6, 5, 3, 4]  344  6.708  m_0/2_M  z_0/0_Z  0,2,9,9,4  中  真 实-投注  

1907281038  0[0, 7, 8, 2, 9, 1, 6]  5889  114.836  m_0/2_M  z_0/0_Z  6,5,0,3,1  中  模拟-投注  
1907281038  1[2, 8, 0, 1, 9, 6, 5]  1564  30.498  m_0/4_M  z_0/4_Z  6,5,0,3,1  中  模拟-投注  
1907281038  2[9, 4, 0, 6, 8, 2, 1]  344  6.708  m_0/2_M  z_0/0_Z  6,5,0,3,1  中  真 实-投注  
1907281038  3[9, 8, 1, 7, 2, 3, 6]  344  6.708  m_0/3_M  z_0/1_Z  6,5,0,3,1  中  模拟-投注  
1907281038  4[4, 7, 2, 1, 6, 5, 3]  344  6.708  m_0/2_M  z_0/0_Z  6,5,0,3,1  中  模拟-投注  

1907281039  0[6, 0, 7, 8, 2, 9, 1]  344  -4.816  m_1/2_M  z_1/1_Z  5,2,5,7,0  挂  真 实-投注  
1907281039  1[5, 2, 8, 0, 1, 9, 6]  344  6.708  m_0/4_M  z_0/4_Z  5,2,5,7,0  中  模拟-投注  
1907281039  2[0, 9, 4, 6, 8, 2, 1]  344  -4.816  m_1/2_M  z_1/1_Z  5,2,5,7,0  挂  真 实-投注  
1907281039  3[3, 9, 8, 1, 7, 2, 6]  344  6.708  m_0/3_M  z_0/1_Z  5,2,5,7,0  中  模拟-投注  
1907281039  4[1, 4, 7, 2, 6, 5, 3]  344  -4.816  m_1/2_M  z_0/0_Z  5,2,5,7,0  挂  模拟-投注  

1907281040  0[5, 6, 0, 7, 8, 2, 9]  1564  30.498  m_0/2_M  z_0/1_Z  7,4,1,5,4  中  真 实-投注  
1907281040  1[2, 5, 8, 0, 1, 9, 6]  344  -4.816  m_1/4_M  z_0/4_Z  7,4,1,5,4  挂  模拟-投注  
1907281040  2[5, 0, 9, 4, 6, 8, 2]  1564  -21.896  m_2/2_M  z_2/2_Z  7,4,1,5,4  挂  真 实-投注  
1907281040  3[7, 3, 9, 8, 1, 2, 6]  344  -4.816  m_1/3_M  z_0/1_Z  7,4,1,5,4  挂  模拟-投注  
1907281040  4[0, 1, 4, 7, 2, 6, 5]  1564  30.498  m_0/2_M  z_0/0_Z  7,4,1,5,4  中  模拟-投注  

1907281041  0[7, 5, 6, 0, 8, 2, 9]  344  6.708  m_0/2_M  z_0/1_Z  9,3,1,1,1  中  模拟-投注  
1907281041  1[4, 2, 5, 8, 0, 1, 9]  1564  -21.896  m_2/4_M  z_0/4_Z  9,3,1,1,1  挂  模拟-投注  
1907281041  2[1, 5, 0, 9, 4, 6, 8]  5889  114.836  m_0/2_M  z_0/2_Z  9,3,1,1,1  中  真 实-投注  
1907281041  3[5, 7, 3, 9, 8, 1, 2]  1564  30.498  m_0/3_M  z_0/1_Z  9,3,1,1,1  中  模拟-投注  
1907281041  4[4, 0, 1, 7, 2, 6, 5]  344  6.708  m_0/2_M  z_0/0_Z  9,3,1,1,1  中  模拟-投注  

1907281042  0[9, 7, 5, 6, 0, 8, 2]  344  6.708  m_0/2_M  z_0/1_Z  2,7,6,7,6  中  模拟-投注  
1907281042  1[3, 4, 2, 5, 8, 0, 1]  5889  -82.446  m_3/4_M  z_0/4_Z  2,7,6,7,6  挂  模拟-投注  
1907281042  2[1, 5, 0, 9, 4, 6, 8]  344  6.708  m_0/2_M  z_0/2_Z  2,7,6,7,6  中  真 实-投注  
1907281042  3[1, 5, 7, 3, 9, 8, 2]  344  6.708  m_0/3_M  z_0/1_Z  2,7,6,7,6  中  模拟-投注  
1907281042  4[1, 4, 0, 7, 2, 6, 5]  344  6.708  m_0/2_M  z_0/0_Z  2,7,6,7,6  中  模拟-投注  

1907281043  0[2, 9, 7, 5, 6, 0, 8]  344  -4.816  m_1/2_M  z_0/1_Z  1,0,7,9,7  挂  模拟-投注  
1907281043  1[7, 3, 4, 2, 5, 8, 0]  21223  413.849  m_0/4_M  z_0/4_Z  1,0,7,9,7  中  模拟-投注  
1907281043  2[6, 1, 5, 0, 9, 4, 8]  344  -4.816  m_1/2_M  z_1/2_Z  1,0,7,9,7  挂  真 实-投注  
1907281043  3[7, 1, 5, 3, 9, 8, 2]  344  6.708  m_0/3_M  z_0/1_Z  1,0,7,9,7  中  模拟-投注  
1907281043  4[6, 1, 4, 0, 7, 2, 5]  344  6.708  m_0/2_M  z_0/0_Z  1,0,7,9,7  中  模拟-投注  

1907281044  0[1, 2, 9, 7, 5, 6, 0]  1564  30.498  m_0/2_M  z_0/1_Z  7,4,8,5,2  中  模拟-投注  
1907281044  1[0, 7, 3, 4, 2, 5, 8]  344  6.708  m_0/4_M  z_0/4_Z  7,4,8,5,2  中  真 实-投注  
1907281044  2[7, 6, 1, 5, 0, 9, 4]  1564  -21.896  m_2/2_M  z_2/2_Z  7,4,8,5,2  挂  真 实-投注  
1907281044  3[9, 7, 1, 5, 3, 8, 2]  344  6.708  m_0/3_M  z_0/1_Z  7,4,8,5,2  中  模拟-投注  
1907281044  4[7, 6, 1, 4, 0, 2, 5]  344  6.708  m_0/2_M  z_0/0_Z  7,4,8,5,2  中  模拟-投注  

1907281045  0[7, 1, 2, 9, 5, 6, 0]  344  6.708  m_0/2_M  z_0/1_Z  2,1,7,9,9  中  模拟-投注  
1907281045  1[4, 0, 7, 3, 2, 5, 8]  344  -4.816  m_1/4_M  z_1/4_Z  2,1,7,9,9  挂  真 实-投注  
1907281045  2[8, 7, 6, 1, 5, 0, 9]  5889  114.836  m_0/2_M  z_0/2_Z  2,1,7,9,9  中  真 实-投注  
1907281045  3[5, 9, 7, 1, 3, 8, 2]  344  6.708  m_0/3_M  z_0/1_Z  2,1,7,9,9  中  模拟-投注  
1907281045  4[2, 7, 6, 1, 4, 0, 5]  344  -4.816  m_1/2_M  z_0/0_Z  2,1,7,9,9  挂  模拟-投注  

1907281046  0[2, 7, 1, 9, 5, 6, 0]  344  6.708  m_0/2_M  z_0/1_Z  6,3,7,7,1  中  模拟-投注  
1907281046  1[1, 4, 0, 7, 3, 2, 5]  1564  30.498  m_0/4_M  z_0/4_Z  6,3,7,7,1  中  真 实-投注  
1907281046  2[7, 8, 6, 1, 5, 0, 9]  344  6.708  m_0/2_M  z_0/2_Z  6,3,7,7,1  中  真 实-投注  
1907281046  3[9, 5, 7, 1, 3, 8, 2]  344  6.708  m_0/3_M  z_0/1_Z  6,3,7,7,1  中  模拟-投注  
1907281046  4[9, 2, 7, 6, 1, 4, 0]  1564  30.498  m_0/2_M  z_0/0_Z  6,3,7,7,1  中  模拟-投注  

1907281047  0[6, 2, 7, 1, 9, 5, 0]  344  6.708  m_0/2_M  z_0/1_Z  9,6,6,4,2  中  模拟-投注  
1907281047  1[3, 1, 4, 0, 7, 2, 5]  344  -4.816  m_1/4_M  z_0/4_Z  9,6,6,4,2  挂  模拟-投注  
1907281047  2[7, 8, 6, 1, 5, 0, 9]  344  6.708  m_0/2_M  z_0/2_Z  9,6,6,4,2  中  真 实-投注  
1907281047  3[7, 9, 5, 1, 3, 8, 2]  344  -4.816  m_1/3_M  z_0/1_Z  9,6,6,4,2  挂  模拟-投注  
1907281047  4[1, 9, 2, 7, 6, 4, 0]  344  6.708  m_0/2_M  z_0/0_Z  9,6,6,4,2  中  模拟-投注  

1907281048  0[9, 6, 2, 7, 1, 5, 0]  344  -4.816  m_1/2_M  z_0/1_Z  8,0,8,2,6  挂  模拟-投注  
1907281048  1[6, 3, 1, 4, 0, 7, 2]  1564  30.498  m_0/4_M  z_0/4_Z  8,0,8,2,6  中  模拟-投注  
1907281048  2[6, 7, 8, 1, 5, 0, 9]  344  6.708  m_0/2_M  z_0/2_Z  8,0,8,2,6  中  模拟-投注  
1907281048  3[4, 7, 9, 5, 1, 3, 8]  1564  -21.896  m_2/3_M  z_0/1_Z  8,0,8,2,6  挂  模拟-投注  
1907281048  4[2, 1, 9, 7, 6, 4, 0]  344  6.708  m_0/2_M  z_0/0_Z  8,0,8,2,6  中  模拟-投注  

1907281049  0[8, 9, 6, 2, 7, 1, 5]  1564  -21.896  m_2/2_M  z_0/1_Z  3,6,4,9,8  挂  模拟-投注  
1907281049  1[0, 6, 3, 1, 4, 7, 2]  344  6.708  m_0/4_M  z_0/4_Z  3,6,4,9,8  中  模拟-投注  
1907281049  2[8, 6, 7, 1, 5, 0, 9]  344  -4.816  m_1/2_M  z_0/2_Z  3,6,4,9,8  挂  模拟-投注  
1907281049  3[2, 4, 7, 9, 5, 1, 3]  5889  114.836  m_0/3_M  z_0/1_Z  3,6,4,9,8  中  模拟-投注  
1907281049  4[6, 2, 1, 9, 7, 4, 0]  344  -4.816  m_1/2_M  z_0/0_Z  3,6,4,9,8  挂  模拟-投注  

1907281050  0[3, 8, 9, 6, 2, 7, 1]  5889  114.836  m_0/2_M  z_0/1_Z  7,0,2,4,3  中  模拟-投注  
1907281050  1[6, 0, 3, 1, 4, 7, 2]  344  6.708  m_0/4_M  z_0/4_Z  7,0,2,4,3  中  模拟-投注  
1907281050  2[4, 8, 6, 7, 1, 5, 0]  1564  -21.896  m_2/2_M  z_0/2_Z  7,0,2,4,3  挂  模拟-投注  
1907281050  3[9, 2, 4, 7, 5, 1, 3]  344  6.708  m_0/3_M  z_0/1_Z  7,0,2,4,3  中  真 实-投注  
1907281050  4[8, 6, 2, 1, 9, 7, 4]  1564  -21.896  m_2/2_M  z_0/0_Z  7,0,2,4,3  挂  模拟-投注  

1907281051  0[7, 3, 8, 9, 6, 2, 1]  344  6.708  m_0/2_M  z_0/1_Z  9,8,6,0,7  中  真 实-投注  
1907281051  1[0, 6, 3, 1, 4, 7, 2]  344  -4.816  m_1/4_M  z_0/4_Z  9,8,6,0,7  挂  模拟-投注  
1907281051  2[2, 4, 8, 6, 7, 1, 5]  5889  114.836  m_0/2_M  z_0/2_Z  9,8,6,0,7  中  模拟-投注  
1907281051  3[4, 9, 2, 7, 5, 1, 3]  344  -4.816  m_1/3_M  z_1/1_Z  9,8,6,0,7  挂  真 实-投注  
1907281051  4[3, 8, 6, 2, 1, 9, 7]  5889  114.836  m_0/2_M  z_0/0_Z  9,8,6,0,7  中  模拟-投注  

1907281052  0[9, 7, 3, 8, 6, 2, 1]  344  6.708  m_0/2_M  z_0/1_Z  6,9,6,4,4  中  真 实-投注  
1907281052  1[8, 0, 6, 3, 1, 4, 7]  1564  -21.896  m_2/4_M  z_0/4_Z  6,9,6,4,4  挂  模拟-投注  
1907281052  2[6, 2, 4, 8, 7, 1, 5]  344  6.708  m_0/2_M  z_0/2_Z  6,9,6,4,4  中  真 实-投注  
1907281052  3[0, 4, 9, 2, 7, 5, 1]  1564  30.498  m_0/3_M  z_0/1_Z  6,9,6,4,4  中  真 实-投注  
1907281052  4[7, 3, 8, 6, 2, 1, 9]  344  -4.816  m_1/2_M  z_1/1_Z  6,9,6,4,4  挂  真 实-投注  

1907281053  0[6, 9, 7, 3, 8, 2, 1]  344  6.708  m_0/2_M  z_0/1_Z  1,1,8,6,9  中  模拟-投注  
1907281053  1[9, 8, 0, 6, 3, 1, 4]  5889  114.836  m_0/4_M  z_0/4_Z  1,1,8,6,9  中  模拟-投注  
1907281053  2[6, 2, 4, 8, 7, 1, 5]  344  6.708  m_0/2_M  z_0/2_Z  1,1,8,6,9  中  真 实-投注  
1907281053  3[4, 0, 9, 2, 7, 5, 1]  344  -4.816  m_1/3_M  z_0/1_Z  1,1,8,6,9  挂  模拟-投注  
1907281053  4[4, 7, 3, 8, 6, 2, 1]  1564  -21.896  m_2/2_M  z_2/2_Z  1,1,8,6,9  挂  真 实-投注  

1907281054  0[1, 6, 9, 7, 3, 8, 2]  344  -4.816  m_1/2_M  z_0/1_Z  0,4,1,1,3  挂  模拟-投注  
1907281054  1[1, 9, 8, 0, 6, 3, 4]  344  6.708  m_0/4_M  z_0/4_Z  0,4,1,1,3  中  真 实-投注  
1907281054  2[8, 6, 2, 4, 7, 1, 5]  344  6.708  m_0/2_M  z_0/2_Z  0,4,1,1,3  中  模拟-投注  
1907281054  3[6, 4, 0, 9, 2, 7, 5]  1564  -21.896  m_2/3_M  z_0/1_Z  0,4,1,1,3  挂  模拟-投注  
1907281054  4[9, 4, 7, 3, 8, 6, 2]  5889  114.836  m_0/2_M  z_0/2_Z  0,4,1,1,3  中  真 实-投注  

1907281055  0[0, 1, 6, 9, 7, 3, 8]  1564  30.498  m_0/2_M  z_0/1_Z  8,4,0,9,4  中  模拟-投注  
1907281055  1[4, 1, 9, 8, 0, 6, 3]  344  6.708  m_0/4_M  z_0/4_Z  8,4,0,9,4  中  真 实-投注  
1907281055  2[1, 8, 6, 2, 4, 7, 5]  344  -4.816  m_1/2_M  z_0/2_Z  8,4,0,9,4  挂  模拟-投注  
1907281055  3[1, 6, 4, 0, 9, 2, 7]  5889  114.836  m_0/3_M  z_0/1_Z  8,4,0,9,4  中  模拟-投注  
1907281055  4[3, 9, 4, 7, 8, 6, 2]  344  6.708  m_0/2_M  z_0/2_Z  8,4,0,9,4  中  真 实-投注  

1907281056  0[8, 0, 1, 6, 9, 7, 3]  344  6.708  m_0/2_M  z_0/1_Z  0,1,7,5,0  中  模拟-投注  
1907281056  1[4, 1, 9, 8, 0, 6, 3]  344  6.708  m_0/4_M  z_0/4_Z  0,1,7,5,0  中  模拟-投注  
1907281056  2[0, 1, 8, 6, 2, 4, 7]  1564  30.498  m_0/2_M  z_0/2_Z  0,1,7,5,0  中  模拟-投注  
1907281056  3[9, 1, 6, 4, 0, 2, 7]  344  -4.816  m_1/3_M  z_1/1_Z  0,1,7,5,0  挂  真 实-投注  
1907281056  4[4, 3, 9, 7, 8, 6, 2]  344  -4.816  m_1/2_M  z_1/2_Z  0,1,7,5,0  挂  真 实-投注  

1907281057  0[0, 8, 1, 6, 9, 7, 3]  344  6.708  m_0/2_M  z_0/1_Z  1,7,3,2,6  中  模拟-投注  
1907281057  1[1, 4, 9, 8, 0, 6, 3]  344  -4.816  m_1/4_M  z_0/4_Z  1,7,3,2,6  挂  模拟-投注  
1907281057  2[7, 0, 1, 8, 6, 2, 4]  344  -4.816  m_1/2_M  z_0/2_Z  1,7,3,2,6  挂  模拟-投注  
1907281057  3[5, 9, 1, 6, 4, 0, 2]  1564  30.498  m_0/3_M  z_0/1_Z  1,7,3,2,6  中  真 实-投注  
1907281057  4[0, 4, 3, 9, 7, 8, 6]  1564  30.498  m_0/2_M  z_0/2_Z  1,7,3,2,6  中  真 实-投注  

1907281058  0[1, 0, 8, 6, 9, 7, 3]  344  6.708  m_0/2_M  z_0/1_Z  3,6,7,9,0  中  模拟-投注  
1907281058  1[7, 1, 4, 9, 8, 0, 6]  1564  30.498  m_0/4_M  z_0/4_Z  3,6,7,9,0  中  模拟-投注  
1907281058  2[3, 7, 0, 1, 8, 6, 2]  1564  30.498  m_0/2_M  z_0/2_Z  3,6,7,9,0  中  模拟-投注  
1907281058  3[2, 5, 9, 1, 6, 4, 0]  344  6.708  m_0/3_M  z_0/1_Z  3,6,7,9,0  中  模拟-投注  
1907281058  4[6, 0, 4, 3, 9, 7, 8]  344  6.708  m_0/2_M  z_0/2_Z  3,6,7,9,0  中  模拟-投注  

1907281059  0[3, 1, 0, 8, 6, 9, 7]  344  6.708  m_0/2_M  z_0/1_Z  8,8,0,3,8  中  模拟-投注  
1907281059  1[6, 7, 1, 4, 9, 8, 0]  344  6.708  m_0/4_M  z_0/4_Z  8,8,0,3,8  中  模拟-投注  
1907281059  2[7, 3, 0, 1, 8, 6, 2]  344  6.708  m_0/2_M  z_0/2_Z  8,8,0,3,8  中  模拟-投注  
1907281059  3[9, 2, 5, 1, 6, 4, 0]  344  -4.816  m_1/3_M  z_0/1_Z  8,8,0,3,8  挂  模拟-投注  
1907281059  4[0, 6, 4, 3, 9, 7, 8]  344  6.708  m_0/2_M  z_0/2_Z  8,8,0,3,8  中  模拟-投注  

